0   0.000138998031616   0.000139951705933   0.000570058822632
0   0.000142097473145   0.000142097473145   0.000575065612793
0   0.000178813934326   0.000178813934326   0.000960826873779
0   0.000123977661133   0.000123977661133   0.000572919845581
0   0.000126838684082   0.000126838684082   0.000560998916626
0   0.000109910964966   0.000109910964966   0.000533819198608
0   0.000121831893921   0.000121831893921   0.000510931015015
0   0.000251054763794   0.000251054763794   0.00108814239502
0   0.000102996826172   0.000103950500488   0.000462055206299
0   0.000190019607544   0.00019097328186   0.000945806503296
0   0.000102043151855   0.000102043151855   0.000503063201904
0   0.00012993812561   0.00012993812561   0.00053882598877
0   0.000130176544189   0.000130176544189   0.000710010528564
0   0.000197887420654   0.000198841094971   0.000691890716553
0   0.000149965286255   0.000149965286255   0.00059700012207
0   0.000109910964966   0.000109910964966   0.000540018081665
0   0.000128030776978   0.000128030776978   0.00052809715271
0   0.000107049942017   0.000108003616333   0.000552177429199
0   0.000119924545288   0.000120878219604   0.000497817993164
0   0.000114917755127   0.000114917755127   0.000509977340698
0   0.000174999237061   0.000174999237061   0.000751972198486
0   0.000113010406494   0.000113964080811   0.000550985336304
0   0.000123977661133   0.000123977661133   0.000504016876221
0   0.000182867050171   0.000183820724487   0.000793933868408
0   0.000104904174805   0.0001060962677   0.000454902648926
0   0.000125885009766   0.000126838684082   0.000510931015015
0   0.000245809555054   0.000245809555054   0.00104999542236
0   0.000183820724487   0.000183820724487   0.000585794448853
0   0.000133037567139   0.000133991241455   0.000534057617188
0   0.000226974487305   0.000227928161621   0.00121593475342
0   0.000128030776978   0.000128030776978   0.000510931015015
0   0.000207901000977   0.000207901000977   0.00101780891418
0   0.000123977661133   0.000124931335449   0.000592947006226
0   0.000122785568237   0.000123977661133   0.00055193901062
0   0.000120162963867   0.000120162963867   0.000469207763672
0   0.000133037567139   0.000133991241455   0.000638008117676
0   0.000133037567139   0.000133037567139   0.000527858734131
0   0.000115871429443   0.000115871429443   0.000584840774536
0   0.000277042388916   0.000277996063232   0.00104284286499
0   0.000125169754028   0.000126123428345   0.000527143478394
0   9.70363616943e-05   9.70363616943e-05   0.000414848327637
0   0.00012993812561   0.00012993812561   0.000473022460938
0   0.00012993812561   0.00012993812561   0.000540971755981
0   0.000128030776978   0.000128030776978   0.000530958175659
0   0.000165939331055   0.000165939331055   0.000552892684937
0   0.000131130218506   0.000131130218506   0.000537157058716
0   0.000156164169312   0.000157117843628   0.000602960586548
0   0.000123023986816   0.000123977661133   0.000519990921021
0   0.000104904174805   0.000104904174805   0.000550031661987
0   0.000164985656738   0.000164985656738   0.000554084777832
0   0.000123977661133   0.000123977661133   0.000521898269653
0   9.20295715332e-05   9.20295715332e-05   0.00042200088501
0   0.0001060962677   0.0001060962677   0.000478982925415
0   0.00012993812561   0.00012993812561   0.000519990921021
0   9.10758972168e-05   9.10758972168e-05   0.000431060791016
0   0.000139951705933   0.000140905380249   0.00048303604126
0   0.000125169754028   0.000125169754028   0.000521183013916
0   0.000200033187866   0.000200986862183   0.000922918319702
0   0.000200986862183   0.000200986862183   0.00100803375244
0   0.000174999237061   0.000174999237061   0.000838994979858
0   0.000123977661133   0.000123977661133   0.000521183013916
0   0.000184059143066   0.000185012817383   0.000762939453125
0   0.000197887420654   0.000198841094971   0.00100088119507
0   0.000108003616333   0.000108957290649   0.000477075576782
0   0.000128984451294   0.000128984451294   0.000518083572388
0   0.000166893005371   0.000168085098267   0.000818967819214
0   0.000205039978027   0.000205039978027   0.000859975814819
0   0.000126123428345   0.000126123428345   0.000535011291504
0   0.000108003616333   0.000108957290649   0.00089693069458
0   0.000159978866577   0.000160932540894   0.000627040863037
0   0.000132083892822   0.000132083892822   0.000556945800781
0   0.000108003616333   0.000108957290649   0.000557899475098
0   0.000157117843628   0.000158071517944   0.000847101211548
0   0.000285148620605   0.000285148620605   0.000823974609375
0   0.000200033187866   0.000200033187866   0.00096607208252
0   0.000164985656738   0.000164985656738   0.000829935073853
0   0.000134229660034   0.000135183334351   0.000555038452148
0   0.000137090682983   0.000137090682983   0.000481128692627
0   0.000113964080811   0.000113964080811   0.000494956970215
0   0.00017786026001   0.00017786026001   0.000586032867432
0   0.000112056732178   0.000112056732178   0.000548124313354
0   0.00012993812561   0.00012993812561   0.000515937805176
0   0.000112056732178   0.000112056732178   0.000554084777832
0   8.51154327393e-05   8.51154327393e-05   0.000463962554932
0   0.00019907951355   0.000200033187866   0.00101208686829
0   0.000125885009766   0.000126838684082   0.00050687789917
0   0.0001380443573   0.0001380443573   0.000627040863037
0   0.000126123428345   0.000126123428345   0.000571012496948
0   0.000178098678589   0.000178098678589   0.00100708007812
0   0.000181913375854   0.000181913375854   0.000874996185303
0   0.000141859054565   0.000141859054565   0.000747919082642
0   0.000160932540894   0.00016188621521   0.000646829605103
0   0.00020694732666   0.00020694732666   0.00159096717834
0   0.000123977661133   0.000124931335449   0.000525951385498
0   0.000128030776978   0.000128030776978   0.000550031661987
0   9.01222229004e-05   9.01222229004e-05   0.000423192977905
0   0.000143766403198   0.000144958496094   0.000768899917603
0   0.000121116638184   0.000121116638184   0.000549077987671
0   0.000144004821777   0.000144004821777   0.000610113143921
0   0.000120878219604   0.000121831893921   0.000530958175659
0   0.000152111053467   0.000153064727783   0.000580072402954
0   0.000125169754028   0.000126123428345   0.000568151473999
0   0.000139951705933   0.000139951705933   0.000603914260864
0   0.000102996826172   0.000103950500488   0.000543117523193
0   0.000123023986816   0.000124216079712   0.000524044036865
0   0.000105857849121   0.000105857849121   0.00053596496582
0   0.000111103057861   0.000111103057861   0.000526189804077
0   0.000159978866577   0.000160932540894   0.000837087631226
0   0.000115871429443   0.000115871429443   0.000483989715576
0   0.0001220703125   0.0001220703125   0.000519990921021
0   0.0001220703125   0.0001220703125   0.000498056411743
0   0.000116109848022   0.000116109848022   0.000504016876221
0   0.000175952911377   0.000176906585693   0.000841856002808
0   0.000110864639282   0.000110864639282   0.000478029251099
0   9.48905944824e-05   9.48905944824e-05   0.000400066375732
0   0.000142097473145   0.000142097473145   0.000514030456543
0   0.00017786026001   0.000180006027222   0.00068998336792
0   0.000109910964966   0.000111103057861   0.000448942184448
0   0.000139951705933   0.000140905380249   0.000585079193115
0   8.20159912109e-05   8.20159912109e-05   0.000423908233643
0   0.000123023986816   0.000123023986816   0.000534057617188
0   0.000120878219604   0.000120878219604   0.000498056411743
0   0.000147819519043   0.000149965286255   0.000581979751587
0   0.000123023986816   0.000123023986816   0.000550985336304
0   0.000186920166016   0.000186920166016   0.000725984573364
0   0.000128984451294   0.000128984451294   0.000550031661987
0   0.000103950500488   0.000103950500488   0.000460863113403
0   0.000126838684082   0.000126838684082   0.000570774078369
0   0.000169992446899   0.000169992446899   0.000886917114258
0   0.000154972076416   0.000154972076416   0.000552892684937
0   0.000121831893921   0.000121831893921   0.000501871109009
0   0.000221967697144   0.000223159790039   0.00105404853821
0   9.89437103271e-05   9.89437103271e-05   0.000439882278442
0   0.00019097328186   0.00019097328186   0.000640869140625
0   9.20295715332e-05   9.20295715332e-05   0.000426054000854
0   0.000140905380249   0.000140905380249   0.000723838806152
0   0.000131845474243   0.000131845474243   0.000709056854248
0   0.000127792358398   0.000127792358398   0.000641822814941
0   0.000128984451294   0.000128984451294   0.000500917434692
0   0.000120878219604   0.000120878219604   0.000594854354858
0   0.0001220703125   0.000123023986816   0.000499963760376
0   0.000128984451294   0.000128984451294   0.000550985336304
0   9.89437103271e-05   9.89437103271e-05   0.000451803207397
0   0.00018310546875   0.000184059143066   0.000648021697998
0   0.000207185745239   0.000208139419556   0.00102019309998
0   0.000180959701538   0.000180959701538   0.000720024108887
0   0.00175809860229   0.00175809860229   0.0021800994873
0   0.0001540184021   0.0001540184021   0.000643014907837
0   0.000123023986816   0.000123977661133   0.000503063201904
0   0.000116109848022   0.000116109848022   0.00051212310791
0   0.000234127044678   0.000236034393311   0.0010461807251
0   0.000192165374756   0.000193119049072   0.000925064086914
0   0.0001220703125   0.0001220703125   0.000501155853271
0   0.000123977661133   0.000124931335449   0.000527143478394
0   9.98973846436e-05   9.98973846436e-05   0.000566005706787
0   0.000126123428345   0.000126123428345   0.000547170639038
0   8.79764556885e-05   8.89301300049e-05   0.000419855117798
0   0.000247955322266   0.000249862670898   0.000855922698975
0   0.000123977661133   0.000123977661133   0.000516891479492
0   0.000180959701538   0.000181913375854   0.000891923904419
0   0.000119924545288   0.000119924545288   0.000519990921021
0   0.000124931335449   0.000124931335449   0.000527858734131
0   0.000154972076416   0.000156164169312   0.000555992126465
0   0.000133037567139   0.000133037567139   0.000675916671753
0   0.000128030776978   0.000128984451294   0.000535011291504
0   0.000105142593384   0.000105142593384   0.000572204589844
0   0.000166893005371   0.000166893005371   0.000557899475098
0   0.000120878219604   0.000120878219604   0.000498056411743
0   0.000118017196655   0.000118017196655   0.000599145889282
0   0.000259876251221   0.000260829925537   0.00114893913269
0   0.000123023986816   0.000123023986816   0.000522136688232
0   9.60826873779e-05   9.60826873779e-05   0.000478029251099
0   0.000164031982422   0.000164031982422   0.000810146331787
0   0.000143051147461   0.000144958496094   0.000765085220337
0   0.000120162963867   0.000120162963867   0.000497102737427
0   0.000175952911377   0.000175952911377   0.000582933425903
0   8.89301300049e-05   8.98838043213e-05   0.000418901443481
0   0.000123023986816   0.000123023986816   0.00052809715271
0   0.000209093093872   0.000210046768188   0.00108218193054
0   0.000247955322266   0.000248908996582   0.000932931900024
0   0.000123977661133   0.000123977661133   0.000500917434692
0   0.00016188621521   0.000164031982422   0.000608921051025
0   0.000422954559326   0.000423908233643   0.00125885009766
0   0.000220060348511   0.000220060348511   0.000878095626831
0   0.000123977661133   0.000124931335449   0.000537872314453
0   0.000121116638184   0.000121116638184   0.000608205795288
0   0.000137090682983   0.0001380443573   0.000548124313354
0   0.000230073928833   0.000230073928833   0.000833988189697
0   0.000186920166016   0.000187873840332   0.000797033309937
0   0.000117063522339   0.000118017196655   0.000488996505737
0   0.000123023986816   0.000123977661133   0.000527143478394
0   0.000292062759399   0.000293016433716   0.00125908851624
0   0.000213146209717   0.000214099884033   0.000708103179932
0   0.000148057937622   0.000148057937622   0.00080394744873
0   0.000324010848999   0.000324964523315   0.0012059211731
0   0.000123977661133   0.000123977661133   0.000527858734131
0   0.000149011611938   0.000149965286255   0.000746965408325
0   0.000125885009766   0.000125885009766   0.000796794891357
0   0.000128984451294   0.00012993812561   0.000537872314453
0   0.000101089477539   0.000101089477539   0.000448226928711
0   0.000123977661133   0.000123977661133   0.000524997711182
0   0.000175952911377   0.000178813934326   0.000684976577759
0   0.000118017196655   0.000118017196655   0.000595092773438
0   0.00020694732666   0.000207901000977   0.000645875930786
0   0.000124931335449   0.000124931335449   0.000530958175659
0   0.000236034393311   0.000236034393311   0.00102591514587
0   0.000209808349609   0.000211000442505   0.000948905944824
0   0.000193119049072   0.000194072723389   0.000606060028076
0   0.000111103057861   0.000111103057861   0.000586986541748
0   0.000121116638184   0.000121116638184   0.000500202178955
0   0.000234127044678   0.000236034393311   0.000678062438965
0   0.000121116638184   0.000121116638184   0.000500202178955
0   0.00023078918457   0.000231981277466   0.00071382522583
0   0.000126123428345   0.000127077102661   0.00057315826416
0   0.000104904174805   0.000104904174805   0.000452995300293
0   9.29832458496e-05   9.29832458496e-05   0.000432014465332
0   0.000133037567139   0.000133037567139   0.000497102737427
0   0.000102996826172   0.000102996826172   0.000458002090454
0   0.000192880630493   0.000192880630493   0.000906944274902
0   0.000301837921143   0.000303983688354   0.00140404701233
0   0.000124216079712   0.000124216079712   0.000523090362549
0   0.000128984451294   0.000128984451294   0.000837087631226
0   0.000202894210815   0.000202894210815   0.000948905944824
0   0.000126838684082   0.000127792358398   0.000624895095825
0   0.000123023986816   0.000123023986816   0.000499963760376
0   0.000131130218506   0.000131130218506   0.000625133514404
0   0.000181198120117   0.000182151794434   0.000859975814819
0   0.000234127044678   0.000234127044678   0.000874996185303
0   0.000200986862183   0.000200986862183   0.000841856002808
0   0.000141859054565   0.000141859054565   0.000752925872803
0   0.000124931335449   0.000124931335449   0.000524997711182
0   0.000120878219604   0.000120878219604   0.000603914260864
0   8.29696655273e-05   8.39233398438e-05   0.000397920608521
0   0.000128984451294   0.00012993812561   0.000550031661987
0   0.000208139419556   0.000208139419556   0.000699043273926
0   0.000123023986816   0.000123023986816   0.000627994537354
0   0.00016188621521   0.000162839889526   0.000794887542725
0   0.0001220703125   0.000123023986816   0.000500917434692
0   0.000123977661133   0.000124931335449   0.000529050827026
0   0.000247001647949   0.000247955322266   0.00102591514587
0   0.000201940536499   0.000202894210815   0.000974893569946
0   0.000136137008667   0.000136137008667   0.000797033309937
0   0.000133991241455   0.000134944915771   0.000603914260864
0   0.000127077102661   0.000127077102661   0.000529050827026
0   0.000178813934326   0.000180006027222   0.000581979751587
0   0.000174999237061   0.000176906585693   0.000674962997437
0   0.000233888626099   0.000233888626099   0.000663995742798
0   0.000123023986816   0.000123023986816   0.000533103942871
0   0.000194787979126   0.000195980072021   0.000892877578735
0   0.000123977661133   0.000123977661133   0.000543117523193
0   0.000123977661133   0.000123977661133   0.000562191009521
0   0.0001220703125   0.0001220703125   0.000519037246704
0   0.000118970870972   0.000118970870972   0.00049901008606
0   0.000208854675293   0.000209808349609   0.000836849212646
0   0.00012993812561   0.000131130218506   0.000595092773438
0   0.000112056732178   0.000113010406494   0.000731945037842
0   8.79764556885e-05   8.79764556885e-05   0.000412940979004
0   0.000111818313599   0.000111818313599   0.00058388710022
0   0.000123023986816   0.000123023986816   0.000520944595337
0   0.000165939331055   0.000166893005371   0.000555992126465
0   0.000125885009766   0.000125885009766   0.000525951385498
0   0.000262975692749   0.000264883041382   0.000880002975464
0   0.000198125839233   0.00019907951355   0.000970125198364
0   0.000205993652344   0.00020694732666   0.0013439655304
0   0.000123023986816   0.000123977661133   0.00050687789917
0   0.000123023986816   0.000123023986816   0.000527143478394
0   0.000101089477539   0.000102043151855   0.000447988510132
0   0.000114917755127   0.000114917755127   0.000508069992065
0   0.000125885009766   0.000125885009766   0.000504970550537
0   0.000190019607544   0.00019097328186   0.00140714645386
0   0.000123023986816   0.000123023986816   0.000501871109009
0   9.20295715332e-05   9.29832458496e-05   0.000429153442383
0   0.000275850296021   0.000277996063232   0.00113797187805
0   0.000120878219604   0.000120878219604   0.000494956970215
0   0.000179052352905   0.000179052352905   0.000869989395142
0   0.000150918960571   0.000150918960571   0.000764846801758
0   9.20295715332e-05   9.20295715332e-05   0.000428915023804
0   0.000205993652344   0.00020694732666   0.000892877578735
0   0.000125169754028   0.000126123428345   0.000525951385498
0   0.000113964080811   0.000113964080811   0.000500917434692
0   0.000220060348511   0.000220060348511   0.000699996948242
0   0.000198125839233   0.00019907951355   0.000656127929688
0   0.000164031982422   0.000164031982422   0.000802993774414
0   9.70363616943e-05   9.70363616943e-05   0.000436067581177
0   0.000233888626099   0.000235080718994   0.000962018966675
0   0.00020694732666   0.00020694732666   0.000682830810547
0   0.000133037567139   0.000133037567139   0.000541925430298
0   0.000102996826172   0.000102996826172   0.000450134277344
0   0.000159025192261   0.000159978866577   0.000941038131714
0   0.000101804733276   0.000101804733276   0.00052285194397
0   0.000162124633789   0.000162124633789   0.000530004501343
0   0.000185966491699   0.000186920166016   0.000596046447754
0   0.0001380443573   0.0001380443573   0.000668048858643
0   0.000162124633789   0.000162124633789   0.000948190689087
0   0.000128030776978   0.000128984451294   0.000546932220459
0   0.000174999237061   0.000174999237061   0.00101709365845
0   0.000120162963867   0.000120162963867   0.000519037246704
0   7.9870223999e-05   8.10623168945e-05   0.000453948974609
0   0.000123977661133   0.000123977661133   0.000667095184326
0   8.79764556885e-05   8.79764556885e-05   0.000416994094849
0   0.000200033187866   0.000200986862183   0.000954866409302
0   0.000103950500488   0.000104904174805   0.000451803207397
0   0.000146150588989   0.000147104263306   0.000756978988647
0   0.000141859054565   0.000141859054565   0.000771999359131
0   0.000125885009766   0.000125885009766   0.000541925430298
0   0.000134944915771   0.000135898590088   0.000541925430298
0   0.000243902206421   0.000243902206421   0.000682830810547
0   0.000164031982422   0.000164031982422   0.000606060028076
0   0.000384092330933   0.000384092330933   0.000802993774414
0   0.000126123428345   0.000127077102661   0.000533103942871
0   0.000118017196655   0.000118017196655   0.00051212310791
0   0.000177145004272   0.000178098678589   0.000637054443359
0   0.000126123428345   0.000126123428345   0.000543117523193
0   0.000121116638184   0.000121116638184   0.00049901008606
0   0.000179052352905   0.000179052352905   0.000876188278198
0   0.000128030776978   0.000128030776978   0.000689029693604
0   0.000123023986816   0.000123023986816   0.000529050827026
0   0.000103950500488   0.000103950500488   0.000452041625977
0   0.000113964080811   0.000114917755127   0.000504016876221
0   0.000214099884033   0.00021505355835   0.000714063644409
0   0.000123023986816   0.000123023986816   0.000523090362549
0   0.000194072723389   0.000195026397705   0.000795125961304
0   0.000114917755127   0.000114917755127   0.000508069992065
0   0.0001220703125   0.0001220703125   0.000503063201904
0   0.000229835510254   0.000231027603149   0.000656843185425
0   0.000194072723389   0.000194072723389   0.000920057296753
0   0.000138998031616   0.000138998031616   0.00076699256897
0   0.000192880630493   0.000192880630493   0.00069785118103
0   0.000208139419556   0.000208139419556   0.000658988952637
0   0.000123977661133   0.000123977661133   0.000501871109009
0   0.000231027603149   0.000231027603149   0.000902891159058
0   0.000125169754028   0.000125169754028   0.000539064407349
0   0.000111103057861   0.000111103057861   0.000569105148315
0   0.000131845474243   0.000131845474243   0.000545978546143
0   0.000137090682983   0.000137090682983   0.000849962234497
0   0.000197887420654   0.000197887420654   0.00059700012207
0   0.000211954116821   0.000212907791138   0.00062894821167
0   0.000123977661133   0.000123977661133   0.000525951385498
0   0.000116109848022   0.000116109848022   0.000485181808472
0   0.00011682510376   0.00011682510376   0.000517845153809
0   0.000156164169312   0.000156164169312   0.000697135925293
0   0.000192880630493   0.00019383430481   0.000635862350464
0   0.000119924545288   0.000119924545288   0.000595808029175
0   0.000130891799927   0.000132083892822   0.000499963760376
0   0.000115871429443   0.000115871429443   0.000813961029053
0   0.000108957290649   0.000108957290649   0.000458002090454
0   0.000113010406494   0.000113010406494   0.000537872314453
0   0.000123023986816   0.000123977661133   0.000498056411743
0   0.000181913375854   0.000181913375854   0.000885963439941
0   0.000113010406494   0.000113010406494   0.000508069992065
0   0.000128984451294   0.000128984451294   0.000538110733032
0   0.000152111053467   0.000152111053467   0.000580072402954
0   0.00017786026001   0.000178813934326   0.000764846801758
0   0.000123023986816   0.000123977661133   0.000527858734131
0   0.000226020812988   0.000226020812988   0.00100898742676
0   0.000123023986816   0.000123023986816   0.000519990921021
0   0.000162124633789   0.000162124633789   0.00072717666626
0   0.000172853469849   0.000172853469849   0.000885009765625
0   0.000123023986816   0.000124216079712   0.000529050827026
0   0.000125169754028   0.000126123428345   0.000539064407349
0   0.000238180160522   0.000238180160522   0.00101613998413
0   0.000122785568237   0.000122785568237   0.00049901008606
0   0.0001220703125   0.0001220703125   0.000531911849976
0   0.000124931335449   0.000124931335449   0.000527858734131
0   0.000130891799927   0.000130891799927   0.000524044036865
0   0.000125169754028   0.000125169754028   0.000529050827026
0   0.000149965286255   0.000149965286255   0.000602006912231
0   0.000236988067627   0.000237941741943   0.000960111618042
0   0.0001220703125   0.0001220703125   0.000497102737427
0   0.000116109848022   0.000116109848022   0.000504970550537
0   0.000123023986816   0.000123977661133   0.000524044036865
0   0.000108957290649   0.000108957290649   0.000484943389893
0   0.000120878219604   0.000121831893921   0.000500917434692
0   0.000125169754028   0.000126123428345   0.00052809715271
0   0.000104904174805   0.000104904174805   0.000478029251099
0   9.10758972168e-05   9.10758972168e-05   0.000423192977905
0   0.000204801559448   0.000205993652344   0.000983953475952
0   9.91821289062e-05   9.91821289062e-05   0.000447034835815
0   0.000124216079712   0.000124216079712   0.00052809715271
0   0.000212907791138   0.00021505355835   0.000885963439941
0   0.000111103057861   0.000112056732178   0.000595092773438
0   0.000188827514648   0.000188827514648   0.000616788864136
0   0.000102043151855   0.000102996826172   0.000569105148315
0   0.000128984451294   0.000128984451294   0.000701189041138
0   9.67979431152e-05   9.67979431152e-05   0.000473976135254
0   0.000197887420654   0.000197887420654   0.00062108039856
0   0.000132083892822   0.000133037567139   0.000488996505737
0   0.000117063522339   0.000117063522339   0.000453948974609
0   7.91549682617e-05   7.91549682617e-05   0.000388145446777
0   8.39233398438e-05   8.39233398438e-05   0.000443935394287
0   0.000205993652344   0.00020694732666   0.00100898742676
0   9.3936920166e-05   9.3936920166e-05   0.000442981719971
0   0.000173091888428   0.000174045562744   0.00095796585083
0   0.000126838684082   0.000126838684082   0.000530004501343
0   0.000246047973633   0.000247001647949   0.00064492225647
0   0.000175952911377   0.000175952911377   0.00100302696228
0   0.000171184539795   0.000172138214111   0.000693082809448
0   0.000155925750732   0.000155925750732   0.000833034515381
0   0.000126838684082   0.000128030776978   0.000530004501343
0   0.000203847885132   0.000205039978027   0.000920057296753
0   0.000185966491699   0.000185966491699   0.000897169113159
0   0.000231981277466   0.000233173370361   0.00105714797974
0   0.000166893005371   0.000166893005371   0.00081205368042
0   0.000163793563843   0.000163793563843   0.000831842422485
0   0.000216960906982   0.000217914581299   0.000603914260864
0   0.000127077102661   0.000127077102661   0.00054407119751
0   0.000128030776978   0.000128030776978   0.000513076782227
0   0.000190019607544   0.000190019607544   0.000931024551392
0   0.000177145004272   0.000177145004272   0.000883102416992
0   0.000200986862183   0.000200986862183   0.000927925109863
0   0.000156164169312   0.000156164169312   0.000782012939453
0   0.000149011611938   0.000149011611938   0.000776052474976
0   0.000208139419556   0.000209093093872   0.00101804733276
0   0.000128030776978   0.000128030776978   0.000505924224854
0   0.000152111053467   0.000152111053467   0.000562906265259
0   0.000195026397705   0.000195026397705   0.000866889953613
0   0.000219821929932   0.000219821929932   0.000957012176514
0   0.000250816345215   0.000265836715698   0.000844955444336
0   0.00011420249939   0.00011420249939   0.000480175018311
0   0.000127077102661   0.000127077102661   0.000554084777832
0   0.000123023986816   0.000123977661133   0.000503063201904
0   0.000126123428345   0.000126123428345   0.000530004501343
0   0.000193119049072   0.000194072723389   0.000931978225708
0   0.000123977661133   0.000123977661133   0.000523090362549
0   0.000159025192261   0.000159025192261   0.000797986984253
0   8.70227813721e-05   8.79764556885e-05   0.000408172607422
0   0.000120878219604   0.000120878219604   0.000501871109009
0   0.000126838684082   0.000126838684082   0.000528812408447
0   9.10758972168e-05   9.20295715332e-05   0.00042200088501
0   0.000125885009766   0.000126838684082   0.000558853149414
0   0.000200033187866   0.000200986862183   0.000933885574341
0   0.000124931335449   0.000124931335449   0.000627994537354
0   0.000137090682983   0.000137090682983   0.000526189804077
0   0.0002281665802   0.0002281665802   0.00115609169006
0   0.000126838684082   0.000126838684082   0.000521898269653
0   0.000113010406494   0.000113964080811   0.000504016876221
0   0.000150918960571   0.000150918960571   0.00053596496582
0   0.000134944915771   0.000135898590088   0.000595808029175
0   0.000151872634888   0.000151872634888   0.000558853149414
0   0.00011682510376   0.000118017196655   0.000586032867432
0   0.000220060348511   0.000221014022827   0.000647068023682
0   0.000125169754028   0.000126123428345   0.000540018081665
0   0.000122785568237   0.000123977661133   0.000557899475098
0   0.000123023986816   0.000123023986816   0.000524044036865
0   9.10758972168e-05   9.20295715332e-05   0.000421047210693
0   0.000185966491699   0.000188112258911   0.00079607963562
0   0.000149011611938   0.000149965286255   0.00056004524231
0   0.000112056732178   0.000112056732178   0.000452041625977
0   0.000184059143066   0.000184059143066   0.00103902816772
0   0.000118017196655   0.000118970870972   0.000485897064209
0   8.89301300049e-05   9.01222229004e-05   0.000426054000854
0   0.000225067138672   0.000226020812988   0.000602006912231
0   0.000181198120117   0.000182151794434   0.000558137893677
0   0.000123977661133   0.000123977661133   0.000713109970093
0   0.000120878219604   0.000120878219604   0.000499963760376
0   0.000198841094971   0.000200033187866   0.000963926315308
0   0.000114917755127   0.000114917755127   0.000477075576782
0   0.000123977661133   0.000125169754028   0.000525951385498
0   0.0001220703125   0.0001220703125   0.000498056411743
0   0.000117063522339   0.000117063522339   0.000481128692627
0   0.000125169754028   0.000125169754028   0.000522136688232
0   0.000123977661133   0.000123977661133   0.000731945037842
0   0.000142097473145   0.000142097473145   0.000561952590942
0   9.51290130615e-05   9.60826873779e-05   0.000434160232544
0   0.000110149383545   0.000110149383545   0.000448226928711
0   0.000120878219604   0.000121831893921   0.00052285194397
0   0.000124931335449   0.000126123428345   0.00052809715271
0   0.000208139419556   0.000209093093872   0.000725984573364
0   0.000121116638184   0.000121116638184   0.000498056411743
0   0.000125885009766   0.000126838684082   0.000886917114258
0   9.98973846436e-05   0.000101089477539   0.000488996505737
0   0.00019907951355   0.00019907951355   0.000694990158081
0   0.000114917755127   0.000114917755127   0.000483989715576
0   0.000113010406494   0.000113010406494   0.000504970550537
0   0.000169992446899   0.000169992446899   0.000720024108887
0   0.000169038772583   0.000169038772583   0.000926971435547
0   0.000206232070923   0.000206232070923   0.000989198684692
0   0.00019907951355   0.00019907951355   0.000773191452026
0   0.000141859054565   0.000143051147461   0.000828981399536
0   0.000177145004272   0.000177145004272   0.000684976577759
0   0.000128030776978   0.000128984451294   0.000543832778931
0   0.000107049942017   0.000107049942017   0.000561952590942
0   0.000173807144165   0.000175952911377   0.000597953796387
0   0.000123023986816   0.000123977661133   0.000569105148315
0   0.000133037567139   0.000133037567139   0.000571966171265
0   0.00011682510376   0.00011682510376   0.000581979751587
0   0.000128984451294   0.000128984451294   0.000530958175659
0   0.000185966491699   0.000186920166016   0.00098705291748
0   0.0001220703125   0.0001220703125   0.000566959381104
0   0.00011682510376   0.00011682510376   0.000504970550537
0   0.000217199325562   0.000218152999878   0.000750064849854
0   0.000288009643555   0.00028920173645   0.00120115280151
0   0.000261783599854   0.000262975692749   0.000741958618164
0   0.000157117843628   0.000158071517944   0.000576972961426
0   0.00016188621521   0.00016188621521   0.000537872314453
0   0.000272035598755   0.000272035598755   0.000877141952515
0   0.000343799591064   0.00034499168396   0.000727891921997
0   0.000124931335449   0.000124931335449   0.000572919845581
0   0.000168085098267   0.000169038772583   0.000854015350342
0   0.000185012817383   0.000185966491699   0.000836133956909
0   0.000124931335449   0.000124931335449   0.000679016113281
0   0.000198125839233   0.000198125839233   0.000699996948242
0   0.000131845474243   0.000131845474243   0.000557899475098
0   0.000105142593384   0.000105142593384   0.000748157501221
0   0.000200033187866   0.000200033187866   0.00102400779724
0   0.000132083892822   0.000132083892822   0.000532150268555
0   0.000109910964966   0.000109910964966   0.000499963760376
0   0.000121831893921   0.000123023986816   0.000524997711182
0   0.000124931335449   0.000124931335449   0.000609874725342
0   0.000118017196655   0.000118970870972   0.000584840774536
0   0.000123977661133   0.000123977661133   0.000503063201904
0   0.000200986862183   0.000200986862183   0.000926971435547
0   0.000175952911377   0.000175952911377   0.000939130783081
0   0.000200033187866   0.000200986862183   0.000963926315308
0   0.000123977661133   0.000123977661133   0.000519990921021
0   0.000123023986816   0.000123023986816   0.000519990921021
0   0.000100135803223   0.000101089477539   0.000580072402954
0   0.00016713142395   0.000168085098267   0.000677108764648
0   0.000130891799927   0.000131845474243   0.000659942626953
0   0.000194072723389   0.000195026397705   0.000962018966675
0   0.000214815139771   0.000216007232666   0.000696897506714
0   0.000128030776978   0.000128984451294   0.000566005706787
0   0.000121831893921   0.000123023986816   0.00059986114502
0   0.000119924545288   0.000119924545288   0.000727891921997
0   0.00019097328186   0.00019097328186   0.000988960266113
0   0.0001540184021   0.0001540184021   0.000777959823608
0   0.000169038772583   0.000169992446899   0.000863075256348
0   0.000208854675293   0.000209808349609   0.00105881690979
0   0.000120878219604   0.000120878219604   0.000502824783325
0   0.000185966491699   0.000185966491699   0.000587940216064
0   0.000125885009766   0.000125885009766   0.000511884689331
0   0.000130891799927   0.000132083892822   0.00053596496582
0   8.9168548584e-05   9.01222229004e-05   0.000425100326538
0   0.000102996826172   0.000103950500488   0.000456809997559
0   0.000319004058838   0.000319957733154   0.000935077667236
0   9.51290130615e-05   9.51290130615e-05   0.000432014465332
0   0.00011420249939   0.00011420249939   0.000501155853271
0   0.00021505355835   0.000225067138672   0.00103497505188
0   0.000251054763794   0.000251054763794   0.000813007354736
0   0.000236988067627   0.000237941741943   0.000820875167847
0   0.000133991241455   0.000135183334351   0.000563144683838
0   0.000144004821777   0.000144004821777   0.000576972961426
0   0.000104904174805   0.000104904174805   0.000456809997559
0   0.000120878219604   0.000121831893921   0.000516891479492
0   0.000123977661133   0.000123977661133   0.000504016876221
0   0.000117063522339   0.000117063522339   0.000571012496948
0   0.000127792358398   0.000127792358398   0.000529766082764
0   0.000119924545288   0.000120878219604   0.000562906265259
0   0.000208139419556   0.000208139419556   0.000656127929688
0   0.000207901000977   0.000207901000977   0.000699996948242
0   0.000102996826172   0.000102996826172   0.000743865966797
0   0.000124931335449   0.000126123428345   0.000532150268555
0   0.000201940536499   0.000202894210815   0.00127196311951
0   0.000109910964966   0.000109910964966   0.000491857528687
0   0.000127077102661   0.000128030776978   0.000532865524292
0   0.000181913375854   0.000181913375854   0.000561952590942
0   0.0001220703125   0.0001220703125   0.000498056411743
0   0.000117063522339   0.000117063522339   0.000508069992065
0   0.000211000442505   0.000211954116821   0.000664949417114
0   0.000111103057861   0.000111103057861   0.000600099563599
0   0.000113010406494   0.000113010406494   0.000530004501343
0   0.00010085105896   0.00010085105896   0.000452995300293
0   0.000149965286255   0.000149965286255   0.000646114349365
0   0.000106811523438   0.000106811523438   0.00046181678772
0   0.00019097328186   0.00019097328186   0.000717878341675
0   9.89437103271e-05   9.89437103271e-05   0.000489950180054
0   0.000240087509155   0.000241041183472   0.000830173492432
0   0.000169992446899   0.000169992446899   0.000639915466309
0   0.000200033187866   0.000200033187866   0.00100612640381
0   0.000131130218506   0.000131130218506   0.000745058059692
0   0.00020694732666   0.000207901000977   0.000963926315308
0   0.000125885009766   0.000125885009766   0.000503063201904
0   0.00012993812561   0.00012993812561   0.000698089599609
0   0.000180006027222   0.000180959701538   0.000590085983276
0   0.000211954116821   0.000211954116821   0.000933885574341
0   0.000175952911377   0.000175952911377   0.000815153121948
0   0.000161170959473   0.000161170959473   0.000567197799683
0   0.00019097328186   0.00019097328186   0.00118207931519
0   0.00012993812561   0.000130891799927   0.000555038452148
0   0.000218868255615   0.000220060348511   0.000794887542725
0   0.000108003616333   0.000108003616333   0.000488042831421
0   0.000100135803223   0.000100135803223   0.000442981719971
0   0.000187873840332   0.000189065933228   0.000906944274902
0   0.000144004821777   0.000144004821777   0.000548839569092
0   0.000123977661133   0.000125169754028   0.000580072402954
0   0.000226020812988   0.000226974487305   0.000672101974487
0   0.00019097328186   0.000192165374756   0.000939130783081
0   0.000123023986816   0.000123023986816   0.000527143478394
0   0.000138998031616   0.000139951705933   0.00058388710022
0   0.000165939331055   0.00016713142395   0.00103807449341
0   0.000146150588989   0.000146150588989   0.000529050827026
0   0.000113010406494   0.000113010406494   0.000599145889282
0   0.000124931335449   0.000125885009766   0.000521898269653
0   0.000188827514648   0.000188827514648   0.000585794448853
0   0.000127077102661   0.000128030776978   0.000533103942871
0   0.000165939331055   0.000167846679688   0.000649929046631
0   0.000123023986816   0.000123023986816   0.000859975814819
0   0.000278949737549   0.000279903411865   0.000859975814819
0   0.000125885009766   0.000126838684082   0.000614881515503
0   0.000104188919067   0.000104188919067   0.000446081161499
0   0.000109195709229   0.000109195709229   0.000453233718872
0   0.000134944915771   0.000135898590088   0.000717878341675
0   0.000169038772583   0.000169992446899   0.000635862350464
0   0.000259876251221   0.000260829925537   0.00103902816772
0   0.000236988067627   0.000237941741943   0.000902891159058
0   0.000143051147461   0.000144004821777   0.000771045684814
0   0.000146150588989   0.000147104263306   0.000740051269531
0   0.000163078308105   0.000163078308105   0.000818014144897
0   0.000124931335449   0.000125885009766   0.00050687789917
0   0.000121831893921   0.000121831893921   0.00052285194397
0   0.000128030776978   0.000128030776978   0.000535011291504
0   0.000113010406494   0.000113010406494   0.000502109527588
0   0.00011420249939   0.00011420249939   0.000761032104492
0   0.0001220703125   0.0001220703125   0.000500202178955
0   0.000127077102661   0.000127077102661   0.000533103942871
0   9.10758972168e-05   9.20295715332e-05   0.00042200088501
0   0.000180959701538   0.000182151794434   0.000539064407349
0   0.000131130218506   0.000131130218506   0.000535011291504
0   9.89437103271e-05   9.89437103271e-05   0.000416994094849
0   0.00012993812561   0.00012993812561   0.00053882598877
0   0.000124931335449   0.000124931335449   0.000510931015015
0   0.000125885009766   0.000125885009766   0.000526905059814
0   0.000108957290649   0.000108957290649   0.000491857528687
0   0.000187158584595   0.000188112258911   0.000916004180908
0   0.000201940536499   0.000203132629395   0.00106000900269
0   0.000124931335449   0.000124931335449   0.000527858734131
0   0.000186920166016   0.000186920166016   0.000572919845581
0   0.000105142593384   0.000105142593384   0.000610113143921
0   0.000107049942017   0.000107049942017   0.000477075576782
0   0.000169992446899   0.000169992446899   0.000555992126465
0   8.20159912109e-05   8.20159912109e-05   0.0003981590271
0   0.000130891799927   0.000130891799927   0.000540971755981
0   0.000178813934326   0.000179767608643   0.000921964645386
0   0.000123977661133   0.000123977661133   0.000534057617188
0   0.000174999237061   0.000174999237061   0.000575065612793
0   0.000169038772583   0.000169992446899   0.000663042068481
0   0.000113010406494   0.000113010406494   0.000479936599731
0   0.000128030776978   0.000128030776978   0.000543832778931
0   0.00016713142395   0.00016713142395   0.000641107559204
0   0.000160932540894   0.000162124633789   0.000571966171265
0   0.000198841094971   0.000199794769287   0.000898838043213
0   0.000118970870972   0.000118970870972   0.00050687789917
0   0.000128030776978   0.000128030776978   0.000533103942871
0   0.000123977661133   0.000123977661133   0.000524997711182
0   9.20295715332e-05   9.20295715332e-05   0.000424146652222
0   8.79764556885e-05   8.79764556885e-05   0.000416994094849
0   0.000191211700439   0.000192165374756   0.000689029693604
0   0.0001220703125   0.000123023986816   0.000504016876221
0   0.000113964080811   0.000114917755127   0.000501871109009
0   0.00021505355835   0.00021505355835   0.00067400932312
0   0.000128030776978   0.000128984451294   0.000574111938477
0   0.000100135803223   0.000100135803223   0.000445127487183
0   0.000210046768188   0.000210046768188   0.00096607208252
0   0.000121831893921   0.000121831893921   0.000500917434692
0   0.000165224075317   0.000165224075317   0.000710010528564
0   0.000150918960571   0.000150918960571   0.000604867935181
0   0.000110864639282   0.000110864639282   0.000512838363647
0   0.000194787979126   0.000194787979126   0.000805854797363
0   0.000178813934326   0.000178813934326   0.000720977783203
0   0.000124931335449   0.000124931335449   0.000542879104614
0   0.000128030776978   0.000128030776978   0.000526905059814
0   0.000221014022827   0.000221014022827   0.000946044921875
0   0.000218152999878   0.000219106674194   0.000946998596191
0   0.00019097328186   0.000192165374756   0.000636100769043
0   0.000211000442505   0.000211000442505   0.000604152679443
0   0.000128030776978   0.000128030776978   0.000543832778931
0   0.000118970870972   0.000118970870972   0.000515937805176
0   0.000124931335449   0.000125885009766   0.000547885894775
0   0.000241994857788   0.000241994857788   0.000890016555786
0   0.000165939331055   0.000165939331055   0.000901937484741
0   9.98973846436e-05   0.000101089477539   0.000446081161499
0   0.000124931335449   0.000124931335449   0.000534057617188
0   0.000100135803223   0.000100135803223   0.000581979751587
0   0.000126123428345   0.000126123428345   0.000527143478394
0   9.20295715332e-05   9.20295715332e-05   0.000423908233643
0   0.000123977661133   0.000124931335449   0.000534057617188
0   9.79900360107e-05   9.89437103271e-05   0.00043797492981
0   0.000243902206421   0.000243902206421   0.00105595588684
0   0.00026798248291   0.000277042388916   0.00119996070862
0   0.000201940536499   0.000202894210815   0.000921010971069
0   0.000100135803223   0.000101089477539   0.000447034835815
0   0.000126123428345   0.000126123428345   0.000614166259766
0   0.000155925750732   0.000156879425049   0.000634908676147
0   0.000124931335449   0.000125885009766   0.000531911849976
0   0.000100135803223   0.000100135803223   0.000447034835815
0   0.000116109848022   0.000117063522339   0.000507116317749
0   0.00013279914856   0.00013279914856   0.000545978546143
0   0.000133037567139   0.000134229660034   0.000556230545044
0   8.48770141602e-05   8.48770141602e-05   0.000399827957153
0   0.000275850296021   0.000275850296021   0.00108790397644
0   0.000164985656738   0.000164985656738   0.00055193901062
0   0.000195980072021   0.000195980072021   0.000949144363403
0   0.000124931335449   0.000125885009766   0.000609874725342
0   0.000127077102661   0.000127077102661   0.000542163848877
0   0.000178098678589   0.000178098678589   0.00100994110107
0   0.000200033187866   0.000200033187866   0.000603914260864
0   0.00011682510376   0.00011682510376   0.000511884689331
0   0.000194072723389   0.000195026397705   0.000777959823608
0   0.000118970870972   0.000118970870972   0.000514030456543
0   0.000101089477539   0.000101089477539   0.000450134277344
0   0.00020694732666   0.000207901000977   0.00071907043457
0   0.000120878219604   0.000120878219604   0.00049877166748
0   0.00019907951355   0.000200033187866   0.00132417678833
0   0.000114917755127   0.000114917755127   0.000480890274048
0   0.000108003616333   0.000108003616333   0.000489950180054
0   0.000106811523438   0.000106811523438   0.000463962554932
0   0.000293016433716   0.000293970108032   0.00140690803528
0   0.00020694732666   0.000208139419556   0.000850915908813
0   9.79900360107e-05   9.79900360107e-05   0.000442981719971
0   9.89437103271e-05   9.89437103271e-05   0.000506162643433
0   0.000114917755127   0.000116109848022   0.000622987747192
0   0.000109910964966   0.000109910964966   0.00049090385437
0   0.000128984451294   0.000128984451294   0.000539779663086
0   0.000106811523438   0.000108003616333   0.00080680847168
0   0.000150918960571   0.000152111053467   0.00055193901062
0   0.0001220703125   0.0001220703125   0.000596046447754
0   0.000110149383545   0.000110149383545   0.000472068786621
0   0.000126838684082   0.000126838684082   0.000547885894775
0   0.0001220703125   0.0001220703125   0.000523090362549
0   0.000209093093872   0.000210046768188   0.000948190689087
0   0.000159978866577   0.000159978866577   0.000561952590942
0   0.000113010406494   0.000113010406494   0.00049901008606
0   0.000164985656738   0.000165939331055   0.000645160675049
0   0.000261068344116   0.000262022018433   0.00115394592285
0   8.70227813721e-05   8.70227813721e-05   0.000417947769165
0   0.00017786026001   0.000178813934326   0.000784873962402
0   9.20295715332e-05   9.20295715332e-05   0.000423908233643
0   0.000128030776978   0.000128030776978   0.000561952590942
0   9.70363616943e-05   9.70363616943e-05   0.00043797492981
0   0.000152111053467   0.000152111053467   0.000713109970093
0   0.000112056732178   0.000113010406494   0.000468015670776
0   0.000109910964966   0.000109910964966   0.000575065612793
0   0.000137805938721   0.000138998031616   0.000523805618286
0   0.000119924545288   0.000119924545288   0.000516891479492
0   0.000202178955078   0.000202178955078   0.000980138778687
0   0.000312089920044   0.00031304359436   0.00121402740479
0   0.000178813934326   0.000180006027222   0.000939846038818
0   0.000123977661133   0.000123977661133   0.000542879104614
0   9.20295715332e-05   9.20295715332e-05   0.000426054000854
0   0.000124216079712   0.000124216079712   0.000534057617188
0   0.0001220703125   0.0001220703125   0.00049901008606
0   0.000130891799927   0.000132083892822   0.000541925430298
0   8.89301300049e-05   8.89301300049e-05   0.000421047210693
0   0.000220060348511   0.000221014022827   0.00107216835022
0   0.000133037567139   0.000133991241455   0.000576972961426
0   0.000124931335449   0.000124931335449   0.000524997711182
0   0.000200986862183   0.000202178955078   0.000989198684692
0   0.000132083892822   0.000133037567139   0.000545024871826
0   0.000123023986816   0.000123977661133   0.000499963760376
0   0.000174045562744   0.000174045562744   0.000858068466187
0   9.89437103271e-05   9.89437103271e-05   0.000448942184448
0   0.000176906585693   0.00017786026001   0.000616788864136
0   0.000125885009766   0.000127077102661   0.00052809715271
0   0.000226974487305   0.0002281665802   0.00062108039856
0   0.000125885009766   0.000125885009766   0.000517845153809
0   0.000128984451294   0.000128984451294   0.000529050827026
0   0.000127077102661   0.000127077102661   0.000510931015015
0   0.000221014022827   0.000221014022827   0.000979900360107
0   0.00016713142395   0.000168085098267   0.000845909118652
0   0.000128030776978   0.000128030776978   0.000535011291504
0   9.20295715332e-05   9.20295715332e-05   0.000425100326538
0   0.000121116638184   0.000121116638184   0.000462055206299
0   8.9168548584e-05   8.9168548584e-05   0.000419139862061
0   8.79764556885e-05   8.79764556885e-05   0.00041389465332
0   0.000170230865479   0.000170230865479   0.000935077667236
0   0.000118017196655   0.000118017196655   0.000507116317749
0   0.000241041183472   0.000242948532104   0.000983953475952
0   0.000198841094971   0.000200033187866   0.000661849975586
0   0.000178098678589   0.000178098678589   0.000751972198486
0   0.000127077102661   0.000128030776978   0.000530958175659
0   0.000107049942017   0.000107049942017   0.00056004524231
0   0.0001380443573   0.000138998031616   0.000542163848877
0   0.000121116638184   0.000121116638184   0.000501155853271
0   9.70363616943e-05   9.70363616943e-05   0.00046706199646
0   0.000126838684082   0.000126838684082   0.00053596496582
0   0.000124931335449   0.000124931335449   0.000504970550537
0   0.000186920166016   0.000188112258911   0.000601053237915
0   0.000159025192261   0.000159025192261   0.000555992126465
0   0.000163078308105   0.000164031982422   0.000838994979858
0   0.000160932540894   0.000162124633789   0.000905990600586
0   0.00012993812561   0.00012993812561   0.000550985336304
0   0.000118017196655   0.000118017196655   0.000576972961426
0   0.000288963317871   0.000288963317871   0.00117802619934
0   0.000200033187866   0.000200986862183   0.000977039337158
0   0.000191926956177   0.000191926956177   0.000879049301147
0   0.000200033187866   0.000200986862183   0.000893831253052
0   0.00012993812561   0.000130891799927   0.000511884689331
0   0.000252962112427   0.000253915786743   0.0010929107666
0   0.000105142593384   0.000105142593384   0.000460147857666
0   0.000245094299316   0.000245094299316   0.00107002258301
0   0.000164985656738   0.000164985656738   0.000824928283691
0   0.000209808349609   0.000209808349609   0.000952005386353
0   0.000178098678589   0.000178098678589   0.000849962234497
0   0.000157117843628   0.000158071517944   0.000667095184326
0   0.000117063522339   0.000117063522339   0.000788927078247
0   0.00012993812561   0.00012993812561   0.000540018081665
0   0.000152826309204   0.000152826309204   0.00061297416687
0   0.000102043151855   0.000102043151855   0.000447988510132
0   0.000298976898193   0.000298976898193   0.000982999801636
0   0.000127077102661   0.000127077102661   0.00049901008606
0   0.000132083892822   0.000133037567139   0.000564098358154
0   0.0001060962677   0.0001060962677   0.000590085983276
0   0.000119924545288   0.000119924545288   0.00051212310791
0   0.000123977661133   0.000123977661133   0.000525951385498
0   0.000110149383545   0.000110149383545   0.000575065612793
0   0.000111103057861   0.000111103057861   0.000494003295898
0   0.000110864639282   0.000110864639282   0.000585794448853
0   0.000120878219604   0.000120878219604   0.000497817993164
0   0.000156164169312   0.000156164169312   0.000967979431152
0   0.000174045562744   0.000174999237061   0.000866889953613
0   0.000117063522339   0.000117063522339   0.000477075576782
0   0.000118017196655   0.000118017196655   0.000524044036865
0   0.000108957290649   0.000108957290649   0.00055193901062
0   0.000214099884033   0.00021505355835   0.000652074813843
0   8.51154327393e-05   8.51154327393e-05   0.000410079956055
0   0.000180959701538   0.000180959701538   0.000948905944824
0   0.000301122665405   0.000302076339722   0.000926971435547
0   0.00021505355835   0.00021505355835   0.000678062438965
0   9.98973846436e-05   9.98973846436e-05   0.000447034835815
0   0.000220060348511   0.000221014022827   0.000937938690186
0   0.000176191329956   0.000177145004272   0.000914096832275
0   0.000198125839233   0.000198125839233   0.000922203063965
0   0.000185012817383   0.000185966491699   0.000869035720825
0   0.000129222869873   0.000129222869873   0.000599145889282
0   0.0001060962677   0.0001060962677   0.00045919418335
0   0.000217914581299   0.000217914581299   0.000946998596191
0   0.000118017196655   0.000118017196655   0.000514030456543
0   0.00018310546875   0.000184059143066   0.000576019287109
0   0.000133037567139   0.000133991241455   0.000617027282715
0   0.000209093093872   0.000209093093872   0.000720977783203
0   0.000125885009766   0.000126838684082   0.000512838363647
0   0.000157833099365   0.000157833099365   0.000558853149414
0   0.000125169754028   0.000125169754028   0.000530004501343
0   0.000104904174805   0.000105857849121   0.000550985336304
0   0.000123023986816   0.000123023986816   0.000499963760376
0   0.000205039978027   0.000205993652344   0.000713109970093
0   9.98973846436e-05   0.000101089477539   0.000444889068604
0   9.01222229004e-05   9.10758972168e-05   0.000421047210693
0   0.000128984451294   0.000128984451294   0.000543832778931
0   9.20295715332e-05   9.20295715332e-05   0.000425100326538
0   0.000125169754028   0.000125169754028   0.000527143478394
0   9.89437103271e-05   9.89437103271e-05   0.000438928604126
0   0.000113964080811   0.000114917755127   0.000449895858765
0   9.60826873779e-05   9.60826873779e-05   0.000436067581177
0   0.000159025192261   0.000159025192261   0.000622987747192
0   0.000113010406494   0.000113010406494   0.000472068786621
0   0.000180959701538   0.000180959701538   0.000847101211548
0   0.000103950500488   0.000103950500488   0.000449895858765
0   0.000192165374756   0.000192165374756   0.000982046127319
0   0.000126838684082   0.000128030776978   0.000531911849976
0   0.000204086303711   0.000205039978027   0.000982999801636
0   0.0001220703125   0.0001220703125   0.000531911849976
0   0.000119924545288   0.000120878219604   0.000705003738403
0   0.000126123428345   0.000127077102661   0.000550985336304
0   0.000169038772583   0.000169038772583   0.000877857208252
0   0.000180006027222   0.000180959701538   0.000895023345947
0   0.000128030776978   0.000128030776978   0.000540018081665
0   0.000118017196655   0.000118970870972   0.000595092773438
0   0.000133037567139   0.000133037567139   0.000511884689331
0   0.000191926956177   0.000191926956177   0.000982999801636
0   0.000121116638184   0.000121116638184   0.00049901008606
0   0.000115871429443   0.000117063522339   0.000509977340698
0   0.000211000442505   0.000211954116821   0.00104403495789
0   0.000207185745239   0.000207185745239   0.000785112380981
0   0.00019097328186   0.00019097328186   0.00090503692627
0   0.00016713142395   0.00016713142395   0.000936031341553
0   0.000154972076416   0.000154972076416   0.000759840011597
0   0.000144004821777   0.000144004821777   0.000740051269531
0   8.48770141602e-05   8.60691070557e-05   0.000403881072998
0   0.000119924545288   0.000119924545288   0.000518798828125
0   0.000124216079712   0.000125169754028   0.000504016876221
0   0.000123977661133   0.000124931335449   0.000559091567993
0   0.000102996826172   0.000102996826172   0.000502109527588
0   0.000205039978027   0.000205993652344   0.000822067260742
0   9.51290130615e-05   9.51290130615e-05   0.000432014465332
0   0.0001540184021   0.0001540184021   0.000772953033447
0   0.000301837921143   0.000303030014038   0.00110292434692
0   0.000123977661133   0.000123977661133   0.000530004501343
0   0.000195026397705   0.000195026397705   0.00100922584534
0   0.000126123428345   0.000126123428345   0.000554084777832
0   8.79764556885e-05   8.79764556885e-05   0.000416994094849
0   0.000123977661133   0.000124931335449   0.000529050827026
0   9.20295715332e-05   9.20295715332e-05   0.000434875488281
0   9.98973846436e-05   9.98973846436e-05   0.000447988510132
0   0.000139951705933   0.000140905380249   0.000488042831421
0   0.000108957290649   0.000108957290649   0.000438928604126
0   0.000207185745239   0.000208139419556   0.000983953475952
0   0.000109910964966   0.000109910964966   0.000468015670776
0   0.000126838684082   0.000126838684082   0.000622987747192
0   0.000150203704834   0.000150203704834   0.000771999359131
0   0.000125169754028   0.000126123428345   0.00054407119751
0   0.000127077102661   0.000128030776978   0.000525951385498
0   0.000123023986816   0.000123977661133   0.000525951385498
0   0.000123023986816   0.000123023986816   0.000506162643433
0   0.000213146209717   0.000214099884033   0.000673055648804
0   0.000108003616333   0.000108003616333   0.000704050064087
0   0.000123023986816   0.000123023986816   0.000729084014893
0   0.000150918960571   0.000152111053467   0.000510931015015
0   0.000187873840332   0.000187873840332   0.000898838043213
0   9.60826873779e-05   9.70363616943e-05   0.000436067581177
0   9.79900360107e-05   9.91821289062e-05   0.000446081161499
0   0.00010085105896   0.000101804733276   0.000487804412842
0   0.000108003616333   0.000108003616333   0.000442028045654
0   0.000121831893921   0.000122785568237   0.000523805618286
0   0.000190019607544   0.000192165374756   0.000652074813843
0   0.0001220703125   0.0001220703125   0.000523090362549
0   0.0001220703125   0.000123023986816   0.000568866729736
0   0.000121831893921   0.000121831893921   0.000576972961426
0   0.00019097328186   0.00019097328186   0.000876903533936
0   0.000222206115723   0.000223159790039   0.0010302066803
0   0.000185966491699   0.000186920166016   0.000891923904419
0   0.000217914581299   0.000218868255615   0.000940799713135
0   0.000185012817383   0.000185966491699   0.000962972640991
0   0.000170946121216   0.000170946121216   0.000680923461914
0   0.000241041183472   0.000241041183472   0.00110507011414
0   0.000128030776978   0.000128984451294   0.000534057617188
0   0.000172138214111   0.000173091888428   0.00058913230896
0   0.000124931335449   0.000125885009766   0.000509023666382
0   0.000131130218506   0.000131130218506   0.00055718421936
0   0.00014591217041   0.00014591217041   0.000545024871826
0   0.000113010406494   0.000113010406494   0.00049901008606
0   0.000196933746338   0.000197887420654   0.000930070877075
0   0.000123023986816   0.000123023986816   0.000537872314453
0   0.000101089477539   0.000101089477539   0.000447034835815
0   0.000131130218506   0.000132083892822   0.000549077987671
0   9.70363616943e-05   9.70363616943e-05   0.000437021255493
0   0.000158071517944   0.000158071517944   0.000498056411743
0   9.60826873779e-05   9.70363616943e-05   0.000487089157104
0   0.000133991241455   0.000134944915771   0.000482797622681
0   0.000102996826172   0.000102996826172   0.000432014465332
0   0.000220060348511   0.000220060348511   0.00106287002563
0   0.000115156173706   0.000115156173706   0.000480175018311
0   0.000123977661133   0.000124931335449   0.000526905059814
0   8.79764556885e-05   8.79764556885e-05   0.000414848327637
0   0.000123977661133   0.000123977661133   0.000534057617188
0   0.000101804733276   0.000101804733276   0.000446796417236
0   0.000204086303711   0.000205039978027   0.00113797187805
0   9.79900360107e-05   9.79900360107e-05   0.000440835952759
0   0.000103950500488   0.000103950500488   0.000558853149414
0   9.51290130615e-05   9.51290130615e-05   0.000653028488159
0   0.000128030776978   0.000128030776978   0.000549077987671
0   0.000211000442505   0.000211000442505   0.000730991363525
0   0.000124931335449   0.000124931335449   0.00053596496582
0   9.51290130615e-05   9.51290130615e-05   0.000428199768066
0   0.000127077102661   0.000128030776978   0.000586032867432
0   0.0001220703125   0.000123023986816   0.00049901008606
0   0.000133991241455   0.000133991241455   0.000548839569092
0   0.00018310546875   0.00018310546875   0.000831127166748
0   0.000373125076294   0.000375986099243   0.00152802467346
0   0.000133037567139   0.000133037567139   0.000673055648804
0   0.000188112258911   0.000188112258911   0.00080418586731
0   0.000120162963867   0.000120162963867   0.000514030456543
0   0.000168085098267   0.000168085098267   0.000781059265137
0   0.000135183334351   0.000135183334351   0.000524044036865
0   0.000120878219604   0.000120878219604   0.000597953796387
0   0.000128984451294   0.000128984451294   0.000505924224854
0   0.000125885009766   0.000125885009766   0.000539064407349
0   0.000125169754028   0.000125169754028   0.000782012939453
0   0.000137090682983   0.000137090682983   0.000615119934082
0   0.0001540184021   0.000154972076416   0.000588893890381
0   0.000126838684082   0.000126838684082   0.000513792037964
0   9.79900360107e-05   9.79900360107e-05   0.000458955764771
0   0.00026798248291   0.000269174575806   0.00105309486389
0   0.000128030776978   0.000128030776978   0.000674962997437
0   0.000113010406494   0.000113010406494   0.000472068786621
0   0.000220060348511   0.000221014022827   0.00123500823975
0   0.000127077102661   0.000128030776978   0.000509023666382
0   0.000234127044678   0.000235080718994   0.000851154327393
0   0.000121831893921   0.000123023986816   0.000557899475098
0   0.000227928161621   0.000228881835938   0.00102782249451
0   0.000116109848022   0.000117063522339   0.000479936599731
0   0.000180959701538   0.000180959701538   0.000846147537231
0   0.000170946121216   0.000171899795532   0.000604867935181
0   0.000123977661133   0.000123977661133   0.000540971755981
0   0.000123023986816   0.000123023986816   0.000533103942871
0   0.000111818313599   0.000111818313599   0.000566959381104
0   0.00016188621521   0.000162839889526   0.000547885894775
0   0.0001540184021   0.0001540184021   0.000653028488159
0   0.000123977661133   0.000123977661133   0.000524044036865
0   0.000219821929932   0.000219821929932   0.00128698348999
0   0.000258922576904   0.000259876251221   0.000916957855225
0   0.000154972076416   0.000154972076416   0.000821828842163
0   0.000176191329956   0.000177145004272   0.000585079193115
0   0.000118017196655   0.000118970870972   0.000465154647827
0   9.20295715332e-05   9.32216644287e-05   0.000733137130737
0   0.000372171401978   0.000373125076294   0.000777006149292
0   0.000143051147461   0.000144004821777   0.000523090362549
0   0.000114917755127   0.000114917755127   0.000505924224854
0   0.000121831893921   0.000121831893921   0.000497817993164
0   0.000124931335449   0.000125885009766   0.000525951385498
0   9.89437103271e-05   9.89437103271e-05   0.000440120697021
0   0.000112056732178   0.000112056732178   0.000773906707764
0   0.000105142593384   0.000105142593384   0.00043797492981
0   0.000134944915771   0.000135898590088   0.000511884689331
0   0.000123023986816   0.000123023986816   0.000524997711182
0   0.000144004821777   0.000144958496094   0.000527858734131
0   0.00012993812561   0.00012993812561   0.00055193901062
0   0.000125169754028   0.000125169754028   0.000547170639038
0   0.000112056732178   0.000113010406494   0.000627040863037
