0  0.0001380443573    0.000181913375854    0.000591039657593 
0  0.000303030014038    0.000349998474121    0.000818967819214 
0  0.000143051147461    0.000190019607544    0.000588893890381 
0  0.000136852264404    0.000180959701538    0.000607967376709 
0  0.000142097473145    0.000189065933228    0.000653028488159 
0  0.000227928161621    0.000301837921143    0.00138783454895 
0  0.000216007232666    0.000262022018433    0.000649929046631 
0  0.000141859054565    0.00020694732666    0.000561952590942 
0  0.000108957290649    0.00014591217041    0.000520944595337 
0  0.000111103057861    0.000144004821777    0.000478029251099 
0  0.000154972076416    0.000224828720093    0.000710964202881 
0  0.000241041183472    0.00032114982605    0.00110507011414 
0  0.000130891799927    0.000169992446899    0.000845909118652 
0  0.000205039978027    0.000275850296021    0.00104904174805 
0  0.000211954116821    0.000277996063232    0.000967025756836 
0  0.000138998031616    0.000183820724487    0.000592947006226 
0  0.00025200843811    0.000345945358276    0.0016930103302 
0  0.000280857086182    0.000357866287231    0.00118494033813 
0  0.0001380443573    0.00018310546875    0.000594139099121 
0  9.20295715332e-05    0.00012993812561    0.000450849533081 
0  0.000221967697144    0.000313997268677    0.00111889839172 
0  0.00021505355835    0.00028395652771    0.00104784965515 
0  0.000217914581299    0.000286817550659    0.00104284286499 
0  0.000112056732178    0.000154972076416    0.000533103942871 
0  0.000126123428345    0.000163078308105    0.000505924224854 
0  0.000218152999878    0.000273942947388    0.000684022903442 
0  0.000143051147461    0.00019097328186    0.00064492225647 
0  0.000226974487305    0.000293016433716    0.00103497505188 
0  0.000228881835938    0.000296831130981    0.000719785690308 
0  0.000169038772583    0.000211000442505    0.00065016746521 
0  0.000159025192261    0.000232934951782    0.000643968582153 
0  0.000134944915771    0.000180959701538    0.000587940216064 
0  0.000118970870972    0.000155925750732    0.000624895095825 
0  0.000197172164917    0.000264167785645    0.000981092453003 
0  0.000241041183472    0.000334978103638    0.000882863998413 
0  0.000142097473145    0.000185966491699    0.000670909881592 
0  0.000135898590088    0.000181913375854    0.000562906265259 
0  0.000132083892822    0.000187158584595    0.000665187835693 
0  0.000223159790039    0.000297069549561    0.00106811523438 
0  0.000128984451294    0.000208139419556    0.000667095184326 
0  0.000174999237061    0.000240087509155    0.000928163528442 
0  0.000134944915771    0.000178813934326    0.000612020492554 
0  0.000138998031616    0.000185012817383    0.000601053237915 
0  0.000115871429443    0.0001540184021    0.000632047653198 
0  0.000123977661133    0.000200033187866    0.000663995742798 
0  0.000287055969238    0.000391006469727    0.00113201141357 
0  0.00012993812561    0.000171899795532    0.000569820404053 
0  0.000180006027222    0.000226974487305    0.000642061233521 
0  0.000123977661133    0.000182151794434    0.000602006912231 
0  0.000133037567139    0.00017786026001    0.000593900680542 
0  0.000214099884033    0.000287055969238    0.00119209289551 
0  0.000118017196655    0.000159978866577    0.000543117523193 
0  0.0001540184021    0.000205039978027    0.000602006912231 
0  0.000139951705933    0.000185966491699    0.000590085983276 
0  0.000236988067627    0.000340938568115    0.000836849212646 
0  0.000202894210815    0.000268936157227    0.000822067260742 
0  0.000127077102661    0.00016713142395    0.000648021697998 
0  0.000111818313599    0.000153779983521    0.000504970550537 
0  0.000109910964966    0.00014591217041    0.00049090385437 
0  0.000157117843628    0.000210046768188    0.000722169876099 
0  0.000141859054565    0.000186920166016    0.000619888305664 
0  0.000144004821777    0.000187873840332    0.00100779533386 
0  0.000157117843628    0.000208139419556    0.000775098800659 
0  0.000140905380249    0.000185966491699    0.000642061233521 
0  0.000302076339722    0.000379085540771    0.00160312652588 
0  0.000185966491699    0.000246047973633    0.000782012939453 
0  0.000145196914673    0.00019907951355    0.000601053237915 
0  0.000123023986816    0.000160932540894    0.000634908676147 
0  0.000144004821777    0.000189065933228    0.000633001327515 
0  0.000298023223877    0.000400066375732    0.00120997428894 
0  0.000168085098267    0.00021505355835    0.000994920730591 
0  0.000140190124512    0.000185012817383    0.000593185424805 
0  0.00019097328186    0.000257968902588    0.000922918319702 
0  0.000128984451294    0.000189065933228    0.000600099563599 
0  0.000105857849121    0.000147819519043    0.000491857528687 
0  0.0001380443573    0.000182867050171    0.000594854354858 
0  0.000239133834839    0.000325918197632    0.00102996826172 
0  0.000138998031616    0.000184059143066    0.000591039657593 
0  0.000100135803223    0.000138998031616    0.000473022460938 
0  0.00012993812561    0.000167846679688    0.000530004501343 
0  9.79900360107e-05    0.000182867050171    0.00052285194397 
0  0.000138998031616    0.000183820724487    0.00059986114502 
0  0.000208139419556    0.000255107879639    0.000643014907837 
0  0.000134944915771    0.000178098678589    0.000581026077271 
0  0.000143051147461    0.000187873840332    0.000591993331909 
0  0.000181913375854    0.000247955322266    0.000762939453125 
0  0.000102043151855    0.000142097473145    0.000600099563599 
0  0.000191926956177    0.000258922576904    0.000988006591797 
0  0.00021505355835    0.000281095504761    0.0010449886322 
0  0.000301122665405    0.000377178192139    0.00111413002014 
0  0.000187873840332    0.000237941741943    0.000656843185425 
0  0.0001220703125    0.000164031982422    0.000531911849976 
0  0.000188827514648    0.000234842300415    0.000639915466309 
0  0.000247001647949    0.000320911407471    0.00102806091309 
0  0.000298976898193    0.000380039215088    0.00110912322998 
0  0.000168085098267    0.000223875045776    0.000983953475952 
0  0.000144004821777    0.000198125839233    0.000577926635742 
0  0.000185012817383    0.000250101089478    0.000755071640015 
0  0.000137090682983    0.000182151794434    0.000648021697998 
0  0.000168085098267    0.0002121925354    0.000611066818237 
0  0.00021505355835    0.000282049179077    0.00100493431091 
0  0.000140905380249    0.000185012817383    0.000566959381104 
0  0.000132083892822    0.000174999237061    0.000578880310059 
0  0.000140905380249    0.000186920166016    0.000568866729736 
0  0.000127077102661    0.000171184539795    0.000562191009521 
0  0.000178813934326    0.000223875045776    0.000639915466309 
0  0.000165939331055    0.000211954116821    0.00061297416687 
0  0.000131130218506    0.000174045562744    0.000548124313354 
0  0.000139951705933    0.000185012817383    0.000592947006226 
0  9.89437103271e-05    0.000137090682983    0.000481128692627 
0  0.000113964080811    0.000155925750732    0.000535011291504 
0  0.000123023986816    0.000164985656738    0.000530004501343 
0  0.000133991241455    0.000176906585693    0.000581026077271 
0  0.000115871429443    0.000158786773682    0.000527858734131 
0  0.000155925750732    0.000209808349609    0.000798940658569 
0  0.0001380443573    0.000184059143066    0.00059986114502 
0  0.000113010406494    0.000149965286255    0.000576972961426 
0  0.00019383430481    0.000263929367065    0.000950813293457 
0  0.000172853469849    0.000263929367065    0.000910043716431 
0  0.0001380443573    0.00018310546875    0.000600099563599 
0  0.000112056732178    0.0001540184021    0.000508069992065 
0  0.00021505355835    0.000281095504761    0.000993013381958 
0  0.000138998031616    0.000184059143066    0.000572919845581 
0  0.00022292137146    0.000293970108032    0.00110101699829 
0  0.000319004058838    0.000386953353882    0.00120306015015 
0  0.000135183334351    0.000180006027222    0.000586032867432 
0  0.000105857849121    0.00014591217041    0.000756978988647 
0  0.000200033187866    0.000273942947388    0.000813007354736 
0  0.000133037567139    0.00017786026001    0.00056004524231 
0  0.000125169754028    0.000166177749634    0.000646114349365 
0  0.000141859054565    0.000186920166016    0.000751972198486 
0  0.000127077102661    0.000173091888428    0.000569105148315 
0  0.000140905380249    0.000185012817383    0.000592947006226 
0  0.00021505355835    0.000263214111328    0.000669002532959 
0  0.000139951705933    0.000185966491699    0.000602006912231 
0  0.000132083892822    0.000177145004272    0.000584125518799 
0  0.000101089477539    0.000142097473145    0.000478029251099 
0  0.000158071517944    0.000201940536499    0.000607967376709 
0  0.000231981277466    0.000303983688354    0.000739812850952 
0  0.000139951705933    0.000184059143066    0.000597953796387 
0  0.000143051147461    0.000188112258911    0.000595092773438 
0  0.000118970870972    0.000156879425049    0.000634908676147 
0  0.000216960906982    0.000283002853394    0.000704050064087 
0  0.000112056732178    0.000147104263306    0.000586032867432 
0  0.000138998031616    0.000185966491699    0.000576972961426 
0  0.000246047973633    0.00031304359436    0.00124311447144 
0  0.000143051147461    0.000190019607544    0.000597953796387 
0  0.000172138214111    0.000214099884033    0.000616073608398 
0  0.000220060348511    0.00028920173645    0.00103211402893 
0  0.00018310546875    0.000243186950684    0.000939130783081 
0  0.000142097473145    0.000189065933228    0.000581026077271 
0  0.000138998031616    0.00018310546875    0.000592947006226 
0  0.000174045562744    0.000221967697144    0.000636100769043 
0  0.000131845474243    0.000169992446899    0.000930786132812 
0  0.000141143798828    0.000185966491699    0.000581026077271 
0  0.000130891799927    0.000172853469849    0.000566959381104 
0  0.00025486946106    0.000337839126587    0.00119400024414 
0  0.000195026397705    0.000259876251221    0.00108289718628 
0  0.000243186950684    0.000340223312378    0.00111818313599 
0  0.000105857849121    0.000156879425049    0.000618934631348 
0  0.000143051147461    0.000188112258911    0.000616073608398 
0  0.000174045562744    0.00023889541626    0.000933885574341 
0  0.000186920166016    0.000252962112427    0.000962018966675 
0  0.000111103057861    0.000153064727783    0.000501155853271 
0  0.000201940536499    0.000288009643555    0.000893831253052 
0  0.000141143798828    0.000188112258911    0.000611066818237 
0  0.000168085098267    0.000235080718994    0.000942945480347 
0  0.000234842300415    0.000314950942993    0.00110197067261 
0  0.000190019607544    0.000254154205322    0.000768184661865 
0  0.000194072723389    0.000261068344116    0.00101494789124 
0  0.000169992446899    0.000226020812988    0.000858068466187 
0  0.000136137008667    0.000180006027222    0.000560998916626 
0  0.000136852264404    0.000180959701538    0.000591039657593 
0  0.000139951705933    0.000185012817383    0.000566959381104 
0  0.000140905380249    0.000185012817383    0.00061297416687 
0  0.000112056732178    0.000154972076416    0.000508069992065 
0  0.000123977661133    0.000164031982422    0.000550985336304 
0  0.000140190124512    0.000184059143066    0.00057315826416 
0  0.000137090682983    0.000180959701538    0.000580072402954 
0  9.60826873779e-05    0.000135898590088    0.000643014907837 
0  0.00030779838562    0.000382900238037    0.0012469291687 
0  0.000139951705933    0.000185012817383    0.000570058822632 
0  0.000277996063232    0.000336885452271    0.00101184844971 
0  0.000111818313599    0.000155925750732    0.000524997711182 
0  0.0001380443573    0.000182867050171    0.000604867935181 
0  0.000163078308105    0.000223875045776    0.000885963439941 
0  0.000166177749634    0.000221014022827    0.000887155532837 
0  0.000283002853394    0.000349998474121    0.00126695632935 
0  0.000236034393311    0.000315189361572    0.00103712081909 
0  0.000370025634766    0.000437021255493    0.000888109207153 
0  0.000208139419556    0.0002760887146    0.00100111961365 
0  0.00014591217041    0.000232934951782    0.000766038894653 
0  0.000109910964966    0.000150918960571    0.000508069992065 
0  0.000255823135376    0.000349044799805    0.00116086006165 
0  0.000128984451294    0.000173807144165    0.000541925430298 
0  0.000142097473145    0.000189065933228    0.000617027282715 
0  0.000169038772583    0.000252962112427    0.000891923904419 
0  0.000223159790039    0.000295162200928    0.00117206573486 
0  0.000142097473145    0.000201940536499    0.000785112380981 
0  0.000159978866577    0.000205993652344    0.000619173049927 
0  0.000112056732178    0.000151872634888    0.000542879104614 
0  0.000224113464355    0.000294923782349    0.00115704536438 
0  0.000292062759399    0.00037693977356    0.00123596191406 
0  0.000233173370361    0.000307083129883    0.000904083251953 
0  0.000233888626099    0.000295877456665    0.00100302696228 
0  0.000134944915771    0.000178813934326    0.000647783279419 
0  0.000159025192261    0.000225067138672    0.000643014907837 
0  0.0002601146698    0.000336170196533    0.00149512290955 
0  0.000152111053467    0.000195980072021    0.000565052032471 
0  0.000144004821777    0.000189065933228    0.000611066818237 
0  0.000144004821777    0.00019097328186    0.000764846801758 
0  0.000139951705933    0.000183820724487    0.00059986114502 
0  0.000109910964966    0.000150918960571    0.00060510635376 
0  0.000171899795532    0.00021505355835    0.00074291229248 
0  0.000109910964966    0.000153064727783    0.000515937805176 
0  0.00014591217041    0.000182867050171    0.000530004501343 
0  0.000234842300415    0.00030779838562    0.00103187561035 
0  0.000193119049072    0.000239133834839    0.000625133514404 
0  0.000180959701538    0.000246047973633    0.000664949417114 
0  0.000141143798828    0.000186920166016    0.000705003738403 
0  0.000104904174805    0.000147104263306    0.000485897064209 
0  0.000230073928833    0.000280141830444    0.000693082809448 
0  9.98973846436e-05    0.000138998031616    0.000475883483887 
0  0.000120162963867    0.000163078308105    0.000564098358154 
0  0.000134944915771    0.000179767608643    0.000561952590942 
0  0.000136137008667    0.000179052352905    0.000584125518799 
0  0.000223875045776    0.000295877456665    0.00112104415894 
0  0.000211954116821    0.000277996063232    0.00100898742676 
0  9.89437103271e-05    0.0001380443573    0.000476121902466 
0  0.000243902206421    0.000320911407471    0.000797986984253 
0  0.0001380443573    0.000182867050171    0.000569820404053 
0  0.000127077102661    0.000168085098267    0.00056004524231 
0  0.000277042388916    0.000351905822754    0.0012629032135 
0  0.000138998031616    0.000184059143066    0.000595092773438 
0  0.0001380443573    0.000181913375854    0.000582933425903 
0  0.000172853469849    0.000214815139771    0.000611782073975 
0  0.000110149383545    0.00015115737915    0.000501155853271 
0  0.000208139419556    0.000279188156128    0.000734090805054 
0  0.000133991241455    0.000174045562744    0.000656127929688 
0  0.000136137008667    0.000182151794434    0.00058913230896 
0  0.000141143798828    0.000197172164917    0.000592947006226 
0  0.000185966491699    0.000233173370361    0.000612020492554 
0  0.000137090682983    0.000182151794434    0.000676155090332 
0  0.000142097473145    0.000188112258911    0.000602006912231 
0  0.000100135803223    0.000140190124512    0.000485181808472 
0  0.000213146209717    0.000277042388916    0.000998020172119 
0  0.000249862670898    0.000325918197632    0.001060962677 
0  0.000138998031616    0.000182867050171    0.000587940216064 
0  9.98973846436e-05    0.000138998031616    0.000475883483887 
0  0.000194072723389    0.000256061553955    0.000943183898926 
0  0.000128030776978    0.000170946121216    0.000566959381104 
0  9.3936920166e-05    0.000149965286255    0.000523805618286 
0  0.000241994857788    0.000324964523315    0.00116991996765 
0  0.000136852264404    0.000181913375854    0.000568866729736 
0  0.000137090682983    0.000181913375854    0.000592947006226 
0  0.000108003616333    0.000149965286255    0.000535011291504 
0  0.000122785568237    0.000159978866577    0.000503778457642 
0  9.91821289062e-05    0.0001380443573    0.000472068786621 
0  0.000143051147461    0.000190019607544    0.000655174255371 
0  0.000110864639282    0.000151872634888    0.000579833984375 
0  0.000123023986816    0.000165939331055    0.000792980194092 
0  0.000211000442505    0.000313997268677    0.00128197669983 
0  0.000212907791138    0.000278949737549    0.00104808807373 
0  0.000207901000977    0.000283002853394    0.000839948654175 
0  0.000142097473145    0.000189065933228    0.000660181045532 
0  0.000205039978027    0.000251054763794    0.000789880752563 
0  0.00015115737915    0.000198125839233    0.000969171524048 
0  0.000138998031616    0.000184059143066    0.000602006912231 
0  0.000133037567139    0.000174045562744    0.00070595741272 
0  0.000223875045776    0.000292062759399    0.000976085662842 
0  0.000201940536499    0.000272989273071    0.00076699256897 
0  0.000138998031616    0.00018310546875    0.000638008117676 
0  0.000187158584595    0.000247001647949    0.00105714797974 
0  0.000163078308105    0.00020694732666    0.000708103179932 
0  0.000139951705933    0.000185966491699    0.000577926635742 
0  0.000202894210815    0.000270843505859    0.00115084648132 
0  0.000171899795532    0.000227928161621    0.00068211555481 
0  0.000131130218506    0.000174045562744    0.000574111938477 
0  0.000167846679688    0.000234842300415    0.000711917877197 
0  0.000302076339722    0.000384092330933    0.00111103057861 
0  0.000167846679688    0.000232934951782    0.000624895095825 
0  0.000217199325562    0.000287055969238    0.00107502937317 
0  0.000178098678589    0.000246047973633    0.000730991363525 
0  0.000227212905884    0.000299215316772    0.00102615356445 
0  0.000148057937622    0.000192880630493    0.000590085983276 
0  0.000227928161621    0.000325918197632    0.00111293792725 
0  0.000273942947388    0.000357866287231    0.00130796432495 
0  0.000109910964966    0.000150918960571    0.00075101852417 
0  0.000113010406494    0.000154972076416    0.00050687789917 
0  0.000141143798828    0.000187158584595    0.000590085983276 
0  0.000146150588989    0.000192165374756    0.000601053237915 
0  0.000169992446899    0.000211954116821    0.000612020492554 
0  0.000138998031616    0.000189065933228    0.000633955001831 
0  0.000208139419556    0.000275135040283    0.000887155532837 
0  0.000241994857788    0.000330924987793    0.00109386444092 
0  0.00015115737915    0.000197172164917    0.000625133514404 
0  0.000136137008667    0.000182151794434    0.000622987747192 
0  0.000227928161621    0.000298023223877    0.00100588798523 
0  0.000102043151855    0.000141859054565    0.000478029251099 
0  0.000139951705933    0.000184774398804    0.000601768493652 
0  0.00015115737915    0.000197172164917    0.000591039657593 
0  0.00014591217041    0.00019097328186    0.000597953796387 
0  0.000216960906982    0.000263929367065    0.000655889511108 
0  0.00029993057251    0.000397920608521    0.00121092796326 
0  9.89437103271e-05    0.000141859054565    0.000478029251099 
0  0.000137090682983    0.000182151794434    0.000595092773438 
0  0.000324010848999    0.000452995300293    0.00131797790527 
0  0.000201940536499    0.000267028808594    0.000983953475952 
0  0.000101089477539    0.000142097473145    0.000494003295898 
0  0.000135898590088    0.000181913375854    0.000602960586548 
0  0.000100135803223    0.000143051147461    0.000500917434692 
0  0.000173091888428    0.000230073928833    0.000893115997314 
0  0.000157833099365    0.000221014022827    0.000768899917603 
0  0.000117063522339    0.000161170959473    0.000519990921021 
0  0.000137805938721    0.000183820724487    0.000856876373291 
0  0.00022292137146    0.00029182434082    0.00102090835571 
0  0.000185966491699    0.000248908996582    0.00100588798523 
0  0.000301122665405    0.000432014465332    0.00131297111511 
0  0.000100135803223    0.000144004821777    0.00052809715271 
0  0.000182867050171    0.000235795974731    0.00074291229248 
0  0.000184059143066    0.000246047973633    0.000939130783081 
0  0.000137805938721    0.000181913375854    0.000562906265259 
0  0.000149011611938    0.000195980072021    0.000615119934082 
0  0.000111103057861    0.000153064727783    0.000500917434692 
0  0.000378131866455    0.00049901008606    0.00112104415894 
0  0.000243902206421    0.00031590461731    0.00077486038208 
0  0.000176906585693    0.000221014022827    0.000638961791992 
0  0.000127077102661    0.00019097328186    0.000635147094727 
0  0.0001380443573    0.000212907791138    0.000608921051025 
0  0.000170946121216    0.000229120254517    0.000980138778687 
0  0.000120162963867    0.000164031982422    0.000526189804077 
0  0.000190019607544    0.000236034393311    0.000646829605103 
0  0.000118017196655    0.000159978866577    0.000514984130859 
0  0.000227928161621    0.000297784805298    0.00114679336548 
0  0.000182151794434    0.000249147415161    0.000903129577637 
0  0.000191926956177    0.000253915786743    0.000921010971069 
0  0.000162124633789    0.000209093093872    0.000829935073853 
0  0.000133991241455    0.00017786026001    0.000587940216064 
0  0.000385999679565    0.000453948974609    0.00138401985168 
0  0.00020694732666    0.00025486946106    0.000711917877197 
0  0.000104904174805    0.000147104263306    0.000499963760376 
0  0.0001380443573    0.00018310546875    0.000842094421387 
0  0.000139951705933    0.000185966491699    0.000571966171265 
0  0.000249147415161    0.000339984893799    0.00118803977966 
0  0.00042200088501    0.00053596496582    0.0011579990387 
0  0.000195026397705    0.000255107879639    0.00102615356445 
0  0.000155925750732    0.000200986862183    0.000622987747192 
0  0.00016188621521    0.000231981277466    0.000639915466309 
0  0.000185966491699    0.000247001647949    0.000778913497925 
0  0.000267028808594    0.00032901763916    0.000813007354736 
0  0.000219821929932    0.000290870666504    0.00096583366394 
0  0.000104188919067    0.000145196914673    0.000494003295898 
0  0.000140905380249    0.000186920166016    0.000640869140625 
0  0.000201940536499    0.000272035598755    0.000836133956909 
0  0.000195026397705    0.000259160995483    0.0010130405426 
0  0.000213146209717    0.000277996063232    0.00078010559082 
0  0.000219106674194    0.00028920173645    0.00109815597534 
0  0.000155925750732    0.000216960906982    0.000863075256348 
0  0.000140905380249    0.000185966491699    0.000589847564697 
0  0.000111103057861    0.000153064727783    0.000509977340698 
0  0.000159025192261    0.000202894210815    0.00061297416687 
0  9.79900360107e-05    0.000139951705933    0.000471115112305 
0  0.000218868255615    0.000288963317871    0.00109386444092 
0  0.0001380443573    0.00018310546875    0.000564098358154 
0  0.000130891799927    0.000173091888428    0.000622034072876 
0  0.000114917755127    0.000158071517944    0.000517845153809 
0  0.000130176544189    0.000173091888428    0.000571966171265 
0  0.00028395652771    0.000361919403076    0.000866889953613 
0  0.000205039978027    0.000278949737549    0.00134205818176 
0  0.000110149383545    0.000150918960571    0.000509977340698 
0  0.000118017196655    0.000160217285156    0.000547170639038 
0  0.0001380443573    0.000182151794434    0.000570058822632 
0  0.000133037567139    0.000220060348511    0.000651836395264 
0  0.000219106674194    0.000288009643555    0.00101399421692 
0  0.00010085105896    0.000144958496094    0.000487804412842 
0  0.000128030776978    0.000169992446899    0.000568866729736 
0  0.000162124633789    0.000205993652344    0.000582933425903 
0  0.000232934951782    0.00030779838562    0.00121188163757 
0  0.000114917755127    0.000156879425049    0.000508069992065 
0  0.000172853469849    0.000235080718994    0.000910997390747 
0  0.000181913375854    0.000247001647949    0.000687122344971 
0  0.000207901000977    0.000277996063232    0.000936985015869 
0  0.000127077102661    0.00016713142395    0.000658988952637 
0  0.000108003616333    0.000147819519043    0.000494003295898 
0  0.000238180160522    0.000310182571411    0.000927209854126 
0  0.000200033187866    0.000267028808594    0.00100612640381 
0  0.000142097473145    0.000186920166016    0.000600099563599 
0  0.000108957290649    0.000146865844727    0.000494956970215 
0  0.000112056732178    0.000149011611938    0.000503063201904 
0  0.000119924545288    0.000160932540894    0.000560998916626 
0  9.41753387451e-05    0.000133037567139    0.000454187393188 
0  0.000138998031616    0.000184059143066    0.000595092773438 
0  0.000101804733276    0.000141859054565    0.00047779083252 
0  0.000221014022827    0.000292062759399    0.00101113319397 
0  0.000162124633789    0.000205993652344    0.000586986541748 
0  0.000226020812988    0.000315189361572    0.00150108337402 
0  0.000119924545288    0.000162124633789    0.000526905059814 
0  0.0001060962677    0.000150203704834    0.000495195388794 
0  0.000108003616333    0.000143051147461    0.000483989715576 
0  0.000191926956177    0.000240802764893    0.000667810440063 
0  0.000104188919067    0.000145196914673    0.00048303604126 
0  0.00013279914856    0.000176906585693    0.000579833984375 
0  0.000137090682983    0.000182151794434    0.000595092773438 
0  0.000139951705933    0.000194072723389    0.000649929046631 
0  0.000180006027222    0.000241994857788    0.000777006149292 
0  0.000239849090576    0.000293016433716    0.000707864761353 
0  0.000103950500488    0.000147104263306    0.000566959381104 
0  0.000147104263306    0.00019097328186    0.000616073608398 
0  0.000143051147461    0.000186920166016    0.000585079193115 
0  0.00019097328186    0.00026798248291    0.000917911529541 
0  0.000178098678589    0.000245094299316    0.000854015350342 
0  0.000118017196655    0.000155925750732    0.000510931015015 
0  0.000105142593384    0.000138998031616    0.000481128692627 
0  0.000104904174805    0.000138998031616    0.000484943389893 
0  0.000159025192261    0.000226974487305    0.000806093215942 
0  0.000123023986816    0.000191926956177    0.000716924667358 
0  0.00021505355835    0.000286102294922    0.000775098800659 
0  0.000139951705933    0.000185012817383    0.000612020492554 
0  0.000134229660034    0.000178098678589    0.000562191009521 
0  0.000313997268677    0.000380992889404    0.0010449886322 
0  0.000159025192261    0.00021505355835    0.000732898712158 
0  0.000144004821777    0.000190019607544    0.000814914703369 
0  0.000108003616333    0.000149965286255    0.000923871994019 
0  0.000309944152832    0.000394821166992    0.00121593475342 
0  0.000113964080811    0.000157833099365    0.000535011291504 
0  0.000116109848022    0.000159025192261    0.000622987747192 
0  0.000115871429443    0.000159025192261    0.000515937805176 
0  0.000146150588989    0.000194072723389    0.000619173049927 
0  0.000136137008667    0.000181198120117    0.000565052032471 
0  0.000257015228271    0.000323057174683    0.000991106033325 
0  0.000113964080811    0.000156164169312    0.000516176223755 
0  0.0001380443573    0.000182151794434    0.000587224960327 
0  0.000223875045776    0.000275850296021    0.000671863555908 
0  0.000137090682983    0.000181913375854    0.000588893890381 
0  0.000334024429321    0.000411987304688    0.00118494033813 
0  0.000261068344116    0.00035285949707    0.00121092796326 
0  0.000135183334351    0.000178098678589    0.000558137893677 
0  0.000144958496094    0.000191926956177    0.000604867935181 
0  0.000139236450195    0.000185012817383    0.000609159469604 
0  0.00014591217041    0.000185966491699    0.000633001327515 
0  0.000128030776978    0.000171184539795    0.000656127929688 
0  0.000247955322266    0.000321865081787    0.000738859176636 
0  0.0001380443573    0.000182867050171    0.000593900680542 
0  0.000265121459961    0.000319004058838    0.00076699256897 
0  0.000131845474243    0.000175952911377    0.000655889511108 
0  0.00011420249939    0.000156164169312    0.000511169433594 
0  0.000272035598755    0.000327825546265    0.000846862792969 
0  0.000102996826172    0.000142097473145    0.000514030456543 
0  0.0002760887146    0.000349044799805    0.00123810768127 
0  0.000102043151855    0.000144004821777    0.000479936599731 
0  0.000220060348511    0.000287055969238    0.000931024551392 
0  0.00017786026001    0.000236988067627    0.000874042510986 
0  0.000249862670898    0.000333070755005    0.00114297866821 
0  0.00021505355835    0.000281095504761    0.0010130405426 
0  0.000242948532104    0.000321865081787    0.00080680847168 
0  0.000121116638184    0.000164985656738    0.000730991363525 
0  0.000138998031616    0.000184059143066    0.00058913230896 
0  0.000213146209717    0.000280141830444    0.000968933105469 
0  0.000138998031616    0.00018310546875    0.000590085983276 
0  0.000385999679565    0.000500917434692    0.00190401077271 
0  0.000191926956177    0.000257015228271    0.000885009765625 
0  0.000211000442505    0.000277042388916    0.000923156738281 
0  0.000140905380249    0.000185966491699    0.00057578086853 
0  0.000137090682983    0.000181198120117    0.000586032867432 
0  0.000169038772583    0.000214099884033    0.000584125518799 
0  0.000201940536499    0.000262975692749    0.00103092193604 
0  0.00023889541626    0.000312089920044    0.000756978988647 
0  0.000279188156128    0.000355005264282    0.00115013122559 
0  0.000169038772583    0.000234842300415    0.00088095664978 
0  0.000168800354004    0.000213861465454    0.000950813293457 
0  0.000250101089478    0.000342130661011    0.00108218193054 
0  0.000205993652344    0.000263929367065    0.000885009765625 
0  0.000186920166016    0.000248908996582    0.00089693069458 
0  0.000204086303711    0.000272989273071    0.00102400779724 
0  0.000216007232666    0.000287055969238    0.000978946685791 
0  0.000154972076416    0.000201940536499    0.000610828399658 
0  0.000214815139771    0.000279903411865    0.000712871551514 
0  0.000217914581299    0.00028395652771    0.00107598304749 
0  0.000117063522339    0.000159978866577    0.000542163848877 
0  0.000174045562744    0.000219821929932    0.00065803527832 
0  0.000232219696045    0.000303030014038    0.00104117393494 
0  0.000141859054565    0.000190019607544    0.000602960586548 
0  0.000157117843628    0.000205039978027    0.00061297416687 
0  0.000235795974731    0.000311851501465    0.00114488601685 
0  0.000165939331055    0.000234127044678    0.000914096832275 
0  0.0001380443573    0.00018310546875    0.000596046447754 
0  0.000111103057861    0.000152111053467    0.000506162643433 
0  0.000133991241455    0.000178098678589    0.000578165054321 
0  0.000139951705933    0.000184059143066    0.000586032867432 
0  0.000118970870972    0.000175952911377    0.000602960586548 
0  0.000102043151855    0.000144004821777    0.000482082366943 
0  0.000214099884033    0.000288009643555    0.000748157501221 
0  0.000139951705933    0.000185966491699    0.000572919845581 
0  0.000220060348511    0.000289916992188    0.00112986564636 
0  0.000175952911377    0.00022292137146    0.000627040863037 
0  0.0001220703125    0.000174999237061    0.000600099563599 
0  0.000113964080811    0.000168085098267    0.000574111938477 
0  0.000101804733276    0.000142812728882    0.000478982925415 
0  0.000135898590088    0.000180959701538    0.000578880310059 
0  0.000142812728882    0.000187873840332    0.000564813613892 
0  0.000226020812988    0.000349044799805    0.00121521949768 
0  0.000136852264404    0.000180959701538    0.000560998916626 
0  0.000136137008667    0.000180006027222    0.000579118728638 
0  0.000134944915771    0.000180006027222    0.000562906265259 
0  0.000138998031616    0.000185012817383    0.000590085983276 
0  9.98973846436e-05    0.000138998031616    0.000478029251099 
0  0.000102996826172    0.000136852264404    0.00047492980957 
0  0.000137090682983    0.000181198120117    0.000715970993042 
0  0.000133991241455    0.000177145004272    0.000559091567993 
0  0.000275850296021    0.000357866287231    0.0012059211731 
0  0.000137090682983    0.000182151794434    0.000568151473999 
0  0.0001540184021    0.00019907951355    0.000679016113281 
0  0.000200986862183    0.000290870666504    0.00091290473938 
0  0.000223875045776    0.000298023223877    0.000967025756836 
0  0.000102996826172    0.000143051147461    0.00048303604126 
0  0.000169992446899    0.000226974487305    0.000895977020264 
0  0.000171184539795    0.000229120254517    0.000866174697876 
0  0.000133037567139    0.000176906585693    0.000559091567993 
0  0.0002281665802    0.000298023223877    0.00103998184204 
0  0.000211000442505    0.000272989273071    0.000709056854248 
0  0.000143051147461    0.00018310546875    0.000550985336304 
0  0.000140905380249    0.000186920166016    0.000595808029175 
0  0.000146865844727    0.000195980072021    0.000617027282715 
0  0.000141143798828    0.000186204910278    0.000591993331909 
0  0.000115156173706    0.000156164169312    0.000517129898071 
0  0.000132083892822    0.000175952911377    0.000576019287109 
0  0.000141143798828    0.000187158584595    0.000581979751587 
0  0.000137090682983    0.000181913375854    0.000579118728638 
0  0.000150918960571    0.000209808349609    0.000796794891357 
0  0.000254154205322    0.000324010848999    0.00125813484192 
0  0.000131845474243    0.000176906585693    0.000555992126465 
0  0.000138998031616    0.000184059143066    0.00058913230896 
0  0.000178813934326    0.000257015228271    0.00102186203003 
0  0.00013279914856    0.000180006027222    0.000587940216064 
0  0.00028395652771    0.000355958938599    0.00079083442688 
0  0.000132083892822    0.000174999237061    0.000576019287109 
0  0.0001380443573    0.000182151794434    0.000584125518799 
0  0.000133991241455    0.00019097328186    0.000647068023682 
0  0.000287055969238    0.000356197357178    0.000923156738281 
0  0.000159978866577    0.000225067138672    0.000617980957031 
0  0.000198125839233    0.000262975692749    0.00097918510437 
0  0.0001380443573    0.00018310546875    0.000564098358154 
0  0.000137090682983    0.000182151794434    0.000590085983276 
0  0.000107049942017    0.000146150588989    0.000488042831421 
0  0.000219106674194    0.000292062759399    0.00103497505188 
0  0.000139951705933    0.000185966491699    0.000571012496948 
0  9.89437103271e-05    0.000142097473145    0.000478029251099 
0  0.0001380443573    0.000183820724487    0.000638008117676 
0  0.000125885009766    0.000169992446899    0.000536918640137 
0  0.000128984451294    0.000170946121216    0.000566959381104 
0  0.000253200531006    0.000327110290527    0.000749111175537 
0  0.000163078308105    0.000210046768188    0.000633001327515 
0  0.000128030776978    0.000171899795532    0.000545978546143 
0  0.0001380443573    0.000198125839233    0.000971078872681 
0  0.000108957290649    0.000153064727783    0.000509977340698 
0  0.000218868255615    0.000262975692749    0.00068998336792 
0  0.000225067138672    0.000293970108032    0.000998020172119 
0  0.000139951705933    0.000219106674194    0.000935077667236 
0  0.0001380443573    0.00018310546875    0.000569105148315 
0  0.000135898590088    0.000180006027222    0.000634908676147 
0  0.000139951705933    0.000184059143066    0.00060510635376 
0  0.000118970870972    0.000155925750732    0.000618934631348 
0  0.000140190124512    0.000186204910278    0.00058913230896 
0  0.000145196914673    0.000219106674194    0.000610113143921 
0  0.000249862670898    0.00029993057251    0.000722885131836 
0  0.000197887420654    0.000247001647949    0.000655889511108 
0  0.000123023986816    0.000166177749634    0.000632047653198 
0  0.0001220703125    0.000162124633789    0.000545978546143 
0  0.000143051147461    0.000185966491699    0.000565052032471 
0  0.000124931335449    0.000169992446899    0.000618934631348 
0  0.000169038772583    0.000230073928833    0.000868082046509 
0  0.00014591217041    0.000191926956177    0.00061297416687 
0  0.000208139419556    0.0002760887146    0.00100803375244 
0  0.000248908996582    0.000303983688354    0.000730037689209 
0  0.000108957290649    0.000149011611938    0.000496864318848 
0  0.000157833099365    0.000218868255615    0.000870943069458 
0  0.000287055969238    0.000353097915649    0.000850915908813 
0  0.000110864639282    0.000150918960571    0.000500917434692 
0  0.000144004821777    0.000191926956177    0.000704050064087 
0  0.000128984451294    0.000171899795532    0.000541925430298 
0  0.000143051147461    0.000189065933228    0.000615119934082 
0  0.000118970870972    0.000226020812988    0.000603914260864 
0  0.000123023986816    0.000169992446899    0.000586986541748 
0  0.000144004821777    0.000191926956177    0.000624895095825 
0  0.000146865844727    0.000191926956177    0.000563859939575 
0  0.00012993812561    0.000172853469849    0.000576019287109 
0  0.000136852264404    0.000181913375854    0.000563859939575 
0  0.000169038772583    0.000211000442505    0.000613927841187 
0  0.00016188621521    0.000231027603149    0.000667810440063 
0  0.000130176544189    0.000173091888428    0.000672101974487 
0  0.000133991241455    0.000179052352905    0.000558853149414 
0  0.000147104263306    0.00019097328186    0.000632047653198 
0  0.000137805938721    0.000182867050171    0.00055980682373 
0  0.00012993812561    0.000172853469849    0.00056791305542 
0  0.000110864639282    0.000154972076416    0.000509977340698 
0  0.000151872634888    0.000200986862183    0.000617980957031 
0  9.89437103271e-05    0.000137805938721    0.000476837158203 
0  0.000133991241455    0.000178813934326    0.000580787658691 
0  0.000148057937622    0.00019907951355    0.000636100769043 
0  0.000143051147461    0.00019097328186    0.000617980957031 
0  0.000119924545288    0.000162839889526    0.000524997711182 
0  0.000202894210815    0.000248908996582    0.000797986984253 
0  0.000162124633789    0.000211000442505    0.000862121582031 
0  0.000211954116821    0.000281095504761    0.00101399421692 
0  0.000242948532104    0.000293970108032    0.00071907043457 
0  0.000111103057861    0.0001540184021    0.000519037246704 
0  0.000216007232666    0.000293016433716    0.000746965408325 
0  0.000132083892822    0.000174999237061    0.000730991363525 
0  0.000136137008667    0.000180006027222    0.000585079193115 
0  0.000141143798828    0.000200986862183    0.000609159469604 
0  0.000109910964966    0.000151872634888    0.000504016876221 
0  0.000201940536499    0.000272035598755    0.00116491317749 
0  0.000219821929932    0.000290870666504    0.000696897506714 
0  0.000200986862183    0.000266075134277    0.00102210044861 
0  0.000133037567139    0.00017786026001    0.000569820404053 
0  0.0001540184021    0.000200033187866    0.000613927841187 
0  0.000248908996582    0.000326871871948    0.0012469291687 
0  0.000205993652344    0.000252962112427    0.000673055648804 
0  0.000180006027222    0.000245094299316    0.000891923904419 
0  0.00028920173645    0.000368118286133    0.00126004219055 
0  0.000174999237061    0.000240087509155    0.000920057296753 
0  0.000180959701538    0.00023889541626    0.000922918319702  
0  0.000257015228271    0.000326871871948    0.000802040100098 
0  0.000113010406494    0.000155925750732    0.000507831573486 
0  0.00013279914856    0.000175952911377    0.000582933425903 
0  0.000211954116821    0.000278949737549    0.000894784927368 
0  0.000139951705933    0.000185012817383    0.000607967376709 
0  0.000144004821777    0.00019097328186    0.000602006912231 
0  0.000143051147461    0.000203847885132    0.000633955001831 
0  0.00022292137146    0.000290870666504    0.000955820083618 
0  0.000156879425049    0.000199794769287    0.00071382522583 
0  0.000139951705933    0.000185012817383    0.000603914260864 
0  0.000108003616333    0.000144004821777    0.00062108039856 
0  0.000134944915771    0.000180006027222    0.000569105148315 
0  0.000144004821777    0.00019097328186    0.00068998336792 
0  0.000144958496094    0.000190019607544    0.000788927078247 
0  0.000157833099365    0.000203847885132    0.00062894821167 
0  0.00014591217041    0.000194072723389    0.000725030899048 
0  0.00023078918457    0.000279903411865    0.000712871551514 
0  0.000361919403076    0.000442028045654    0.000916957855225 
0  0.000138998031616    0.000182867050171    0.000587940216064 
0  0.000258922576904    0.000339984893799    0.00074291229248 
0  0.000139951705933    0.000185966491699    0.00059986114502 
0  0.000143051147461    0.000200033187866    0.000598907470703 
0  0.000137090682983    0.000180959701538    0.000564098358154 
0  0.000259876251221    0.000331878662109    0.00123906135559 
0  0.000138998031616    0.000185966491699    0.000661849975586 
0  0.000133991241455    0.000189065933228    0.00066089630127 
0  0.000128984451294    0.000169038772583    0.000563859939575 
0  0.000135898590088    0.000179052352905    0.000563859939575 
0  0.000128984451294    0.00019383430481    0.000970840454102 
0  0.000285863876343    0.000392913818359    0.00132989883423 
0  0.000271797180176    0.00035285949707    0.00125885009766 
0  0.000128030776978    0.000173091888428    0.000701904296875 
0  0.000223875045776    0.00029182434082    0.00111103057861 
0  0.000139951705933    0.000185966491699    0.00057578086853 
0  0.000201940536499    0.000250101089478    0.000771999359131 
0  0.000139951705933    0.000204086303711    0.000736951828003 
0  0.000221014022827    0.000295162200928    0.00111818313599 
0  0.000134944915771    0.000180959701538    0.000560998916626 
0  0.000138998031616    0.000184059143066    0.000603914260864 
0  0.000548839569092    0.000629901885986    0.00142002105713 
0  0.000134944915771    0.00017786026001    0.000890970230103 
0  0.000191926956177    0.000257968902588    0.000923871994019 
0  0.000202894210815    0.000268936157227    0.00107598304749 
0  0.000333786010742    0.000407934188843    0.00154185295105 
0  0.000141859054565    0.000188827514648    0.000579833984375 
0  0.000141859054565    0.000186920166016    0.000594854354858 
0  0.00010085105896    0.000140905380249    0.000479936599731 
0  0.000126838684082    0.000162839889526    0.000501871109009 
0  9.79900360107e-05    0.0001380443573    0.000469923019409 
0  0.000149965286255    0.000195980072021    0.000617027282715 
0  0.000134944915771    0.000179052352905    0.000588893890381 
0  0.000133991241455    0.000195980072021    0.000643968582153 
0  0.000119924545288    0.000166893005371    0.00058388710022 
0  0.000116109848022    0.000158071517944    0.000688076019287 
0  0.000140905380249    0.000187873840332    0.000602960586548 
0  0.000176906585693    0.000237941741943    0.000938892364502 
0  0.000134944915771    0.000180959701538    0.000584840774536 
0  0.000138998031616    0.000185012817383    0.00058388710022 
0  0.000124931335449    0.000163793563843    0.00059986114502 
0  0.000136852264404    0.000175952911377    0.000624895095825 
0  0.000109195709229    0.000152111053467    0.000504016876221 
0  0.000132083892822    0.000175952911377    0.00052809715271 
0  0.000146150588989    0.000185012817383    0.000661134719849 
0  0.000128984451294    0.000171184539795    0.000594139099121 
0  0.000133037567139    0.000176906585693    0.000585079193115 
0  0.0001380443573    0.000184059143066    0.000571012496948 
0  0.000221967697144    0.000293016433716    0.0010781288147 
0  0.00022292137146    0.000288963317871    0.000679016113281 
0  0.000219106674194    0.000282049179077    0.000744104385376 
0  0.000215768814087    0.000310897827148    0.00167894363403 
0  0.000139951705933    0.000185966491699    0.000925064086914 
0  0.000105142593384    0.000146150588989    0.00051212310791 
0  0.000148057937622    0.000189065933228    0.00054407119751 
0  9.70363616943e-05    0.000138998031616    0.000469207763672 
0  0.000109910964966    0.000144958496094    0.000492811203003 
0  0.000248908996582    0.000301122665405    0.000729084014893 
0  8.89301300049e-05    0.000128984451294    0.000446796417236 
0  0.000285863876343    0.000369787216187    0.00104379653931 
0  0.000136137008667    0.000180006027222    0.000581979751587 
0  0.000166893005371    0.000234842300415    0.000940799713135 
0  0.000141143798828    0.000188112258911    0.000601053237915 
0  0.000159025192261    0.000232219696045    0.00084114074707 
0  0.000412225723267    0.000517129898071    0.0012001991272 
0  0.000133037567139    0.000179052352905    0.000560998916626 
0  0.000190019607544    0.000251054763794    0.000929832458496 
0  0.000244855880737    0.000319004058838    0.00108098983765 
0  0.000239849090576    0.000314950942993    0.00114893913269 
0  0.000179052352905    0.000243902206421    0.000931024551392 
0  0.000200033187866    0.000247955322266    0.000652074813843 
0  0.000249147415161    0.000302076339722    0.000694990158081 
0  0.000308990478516    0.000380992889404    0.000838994979858 
0  0.00019097328186    0.000272989273071    0.000921010971069 
0  0.00012993812561    0.000174045562744    0.000650882720947 
0  0.0001380443573    0.000197887420654    0.000642061233521 
0  0.000170946121216    0.000226020812988    0.000617027282715 
0  0.000125885009766    0.000184774398804    0.000611782073975 
0  0.000123977661133    0.000209093093872    0.000616073608398 
0  0.000149965286255    0.00019907951355    0.000633955001831 
0  0.000137090682983    0.000180006027222    0.000582933425903 
0  0.000119924545288    0.000162839889526    0.00052285194397 
0  0.00021505355835    0.000286102294922    0.000988960266113 
0  0.000143051147461    0.000190019607544    0.000579118728638 
0  0.000139951705933    0.000185012817383    0.000604152679443 
0  0.000203132629395    0.000268936157227    0.000900983810425 
0  0.000363111495972    0.000457048416138    0.00125217437744 
0  0.000270843505859    0.000321865081787    0.000751972198486 
0  9.08374786377e-05    0.000128984451294    0.000448942184448 
0  0.000120878219604    0.0001540184021    0.000479936599731 
0  0.000112056732178    0.000143051147461    0.000465154647827 
0  0.000282049179077    0.000375032424927    0.000954866409302 
0  0.000159025192261    0.000223875045776    0.00088906288147 
0  0.000166893005371    0.000226020812988    0.000907897949219 
0  0.000143051147461    0.000189065933228    0.000666856765747 
0  0.000184059143066    0.000230073928833    0.000694990158081 
0  0.000174999237061    0.000257968902588    0.000983953475952 
0  0.000139951705933    0.000185012817383    0.000598907470703 
0  0.000140905380249    0.000185966491699    0.000611066818237 
0  0.00011682510376    0.000158786773682    0.00053882598877 
0  0.000146865844727    0.000207901000977    0.000653982162476 
0  0.000239849090576    0.000316858291626    0.000716924667358 
0  0.000137805938721    0.000181913375854    0.000584840774536 
0  0.00023078918457    0.000296831130981    0.000717878341675 
0  0.000112056732178    0.000148057937622    0.000617027282715 
0  9.3936920166e-05    0.000133991241455    0.000668048858643 
0  0.000214099884033    0.000282049179077    0.00110912322998 
0  0.000105857849121    0.000149011611938    0.000527858734131 
0  0.0001220703125    0.000162124633789    0.00052809715271 
0  0.000131845474243    0.000175952911377    0.000577926635742 
0  0.000142812728882    0.000188827514648    0.000618934631348 
0  0.000133037567139    0.000173091888428    0.000663995742798 
0  0.000149965286255    0.000205039978027    0.000598907470703 
0  0.000156879425049    0.00023889541626    0.000954866409302 
0  0.000225782394409    0.000297784805298    0.00117897987366 
0  0.000148057937622    0.000193119049072    0.000608921051025 
0  0.000121116638184    0.000158071517944    0.00108909606934 
0  0.000192880630493    0.000253915786743    0.000936031341553 
0  0.000134944915771    0.000178813934326    0.000591993331909 
0  0.000309944152832    0.000426054000854    0.00118112564087 
0  0.000141859054565    0.000186920166016    0.000573873519897 
0  0.00012993812561    0.000171899795532    0.00056791305542 
0  0.000247955322266    0.000312089920044    0.00139498710632 
0  0.000140190124512    0.000186204910278    0.000607013702393 
0  0.000237941741943    0.000308036804199    0.000846862792969 
0  0.000137090682983    0.000182151794434    0.000677108764648 
0  0.000103950500488    0.00014591217041    0.000525951385498 
0  0.000127077102661    0.000168085098267    0.000784158706665 
0  0.000160932540894    0.000207901000977    0.000816822052002 
0  0.000223159790039    0.000295162200928    0.00122809410095 
0  0.000134944915771    0.00017786026001    0.000581026077271 
0  9.60826873779e-05    0.0001380443573    0.000470161437988 
0  0.000241994857788    0.000312089920044    0.00103497505188 
0  0.00021505355835    0.00028395652771    0.000931024551392 
0  0.000128030776978    0.000169038772583    0.000653982162476 
0  0.000191926956177    0.000257015228271    0.000991106033325 
0  0.000140905380249    0.000185966491699    0.000592947006226 
0  0.000108957290649    0.000148057937622    0.000534057617188 
0  0.000125169754028    0.000169038772583    0.00055718421936 
0  0.000208139419556    0.000275135040283    0.00094199180603 
0  0.000149011611938    0.000198125839233    0.000691175460815 
0  0.000138998031616    0.000185012817383    0.000577926635742 
0  0.000136852264404    0.000180959701538    0.000592947006226 
0  0.000142812728882    0.000188827514648    0.000589847564697 
0  0.000137090682983    0.000181913375854    0.000586986541748 
0  9.79900360107e-05    0.0001380443573    0.00047492980957 
0  0.000125169754028    0.000166177749634    0.000580072402954 
0  0.0001380443573    0.000182867050171    0.000602960586548 
0  0.000132083892822    0.000171184539795    0.000662088394165 
0  0.000108003616333    0.000149965286255    0.00049901008606 
0  0.000140905380249    0.000185966491699    0.000735998153687 
0  0.000216960906982    0.00028395652771    0.00102996826172 
0  0.000131130218506    0.000174045562744    0.000576019287109 
0  0.000142097473145    0.000187158584595    0.000571012496948 
0  0.000195980072021    0.000258922576904    0.000960826873779 
0  0.000148057937622    0.000192880630493    0.000602960586548 
0  0.000149011611938    0.000197172164917    0.000614166259766 
0  0.000159025192261    0.000210046768188    0.000623941421509 
0  0.0001380443573    0.00018310546875    0.000599145889282 
0  0.000112056732178    0.000153064727783    0.000508069992065 
0  0.000283002853394    0.000380992889404    0.00108313560486 
0  0.000133991241455    0.000177145004272    0.000559091567993 
0  0.000205039978027    0.000271081924438    0.000849008560181 
0  0.000217914581299    0.000288963317871    0.00103783607483 
0  0.000209093093872    0.00027322769165    0.000729084014893 
0  0.000166177749634    0.0002281665802    0.000697135925293 
0  0.000124931335449    0.000168085098267    0.000594139099121 
0  0.000205993652344    0.000280857086182    0.000741004943848 
0  0.000138998031616    0.000184059143066    0.000593185424805 
0  0.000211954116821    0.000293016433716    0.000746011734009 
0  0.0001380443573    0.000182867050171    0.00059700012207 
0  0.000211000442505    0.000277042388916    0.00101113319397 
0  0.00022292137146    0.000307083129883    0.00071907043457 
0  0.000147104263306    0.000221014022827    0.000760078430176 
0  0.000158071517944    0.000204086303711    0.000617980957031 
0  0.000135898590088    0.000181913375854    0.000582933425903 
0  0.000217914581299    0.000288963317871    0.00100088119507 
0  0.000137090682983    0.000182151794434    0.000586986541748 
0  0.000169038772583    0.000234842300415    0.000795841217041 
0  0.000139951705933    0.000184059143066    0.000590085983276 
0  0.000102996826172    0.000141859054565    0.000530958175659 
0  0.000220060348511    0.000291109085083    0.0010941028595 
0  0.000137805938721    0.000182867050171    0.000561952590942 
0  0.000201940536499    0.000265836715698    0.000983953475952 
0  0.000143051147461    0.000186920166016    0.000601053237915 
0  0.000194787979126    0.00023889541626    0.000635862350464 
0  0.000140190124512    0.000234127044678    0.000977039337158 
0  0.000236034393311    0.000298023223877    0.000720024108887 
0  0.000123023986816    0.000164031982422    0.000607013702393 
0  0.000113964080811    0.000151872634888    0.00059700012207 
0  0.000139951705933    0.000216960906982    0.000619888305664 
0  0.000118017196655    0.000172853469849    0.000568866729736 
0  0.000140190124512    0.000184059143066    0.000585079193115 
0  0.000201940536499    0.000258922576904    0.000802040100098 
0  0.0001060962677    0.000148057937622    0.000493049621582 
0  0.000221967697144    0.000293016433716    0.000728845596313 
0  0.000118017196655    0.000161170959473    0.00052809715271 
0  0.00014591217041    0.00019097328186    0.000707864761353 
0  0.000108003616333    0.000149011611938    0.000513076782227 
0  0.000120878219604    0.000160932540894    0.000527858734131 
0  0.000221014022827    0.000277996063232    0.00106906890869 
0  0.000298976898193    0.000395059585571    0.00107407569885 
0  0.000103950500488    0.000147104263306    0.000538110733032 
0  0.000211954116821    0.000259876251221    0.000691890716553 
0  0.000110864639282    0.000152826309204    0.000540971755981 
0  0.000195980072021    0.000275135040283    0.00122404098511 
0  0.000130891799927    0.000174999237061    0.000571966171265 
0  0.000225067138672    0.000298023223877    0.00113797187805 
0  0.000137090682983    0.000182867050171    0.000674962997437 
0  0.000127077102661    0.000188112258911    0.000642061233521 
0  0.000165939331055    0.000223159790039    0.00082802772522 
0  0.000119924545288    0.0001540184021    0.000492095947266 
0  0.000244855880737    0.000319004058838    0.00100493431091 
0  0.000146865844727    0.00019383430481    0.000645875930786 
0  0.000142097473145    0.000190019607544    0.000637054443359 
0  0.000139951705933    0.000185012817383    0.000562906265259 
0  0.00029993057251    0.000391960144043    0.00124001502991 
0  0.000234127044678    0.00032114982605    0.00117015838623 
0  0.000141143798828    0.000187158584595    0.00060510635376 
0  0.000117063522339    0.000159025192261    0.000540018081665 
0  0.000160217285156    0.000207185745239    0.000601053237915 
0  0.000238180160522    0.000324964523315    0.00109100341797 
0  0.000139951705933    0.000185966491699    0.000611066818237 
0  0.000108003616333    0.000148057937622    0.000530958175659 
0  0.000190019607544    0.00025200843811    0.000908851623535 
0  0.000287055969238    0.000368118286133    0.00118112564087 
0  0.000158071517944    0.000221014022827    0.000765085220337 
0  0.000202894210815    0.00029182434082    0.000744819641113 
0  0.000123023986816    0.000162839889526    0.000553846359253 
0  0.000123023986816    0.000166893005371    0.000550985336304 
0  0.000135898590088    0.000180006027222    0.000582933425903 
0  0.000112056732178    0.000153064727783    0.000509023666382 
0  0.000101804733276    0.000140905380249    0.000481843948364 
0  0.000221014022827    0.000288963317871    0.00104594230652 
0  0.000337839126587    0.000465869903564    0.00132989883423 
0  0.000220060348511    0.000285148620605    0.00109100341797 
0  0.0001380443573    0.000186920166016    0.000815868377686 
0  0.000192880630493    0.000239849090576    0.000634908676147 
0  0.000181198120117    0.000249147415161    0.000998020172119 
0  0.000232219696045    0.000307083129883    0.000737190246582 
0  0.000223159790039    0.000298023223877    0.00106620788574 
0  0.000487089157104    0.000552177429199    0.00165009498596 
0  0.000134944915771    0.000180006027222    0.000585079193115 
0  0.00025200843811    0.000314235687256    0.000877141952515 
0  0.000217914581299    0.000286817550659    0.00106000900269 
0  0.000213146209717    0.000288963317871    0.000745058059692 
0  0.000219106674194    0.000287055969238    0.00106620788574 
0  0.000191926956177    0.00025486946106    0.00105786323547 
0  0.000220060348511    0.000292062759399    0.00103783607483 
0  0.000138998031616    0.000183820724487    0.000595808029175 
0  0.000102043151855    0.000143051147461    0.000486850738525 
0  0.000121116638184    0.000157117843628    0.000498056411743 
0  0.000193119049072    0.000257015228271    0.000972032546997 
0  0.000139951705933    0.000186920166016    0.000579833984375 
0  0.000128984451294    0.000170946121216    0.000563859939575 
0  0.000222206115723    0.000292062759399    0.00103902816772 
0  0.000135898590088    0.000180006027222    0.000586986541748 
0  0.000219106674194    0.000293970108032    0.000924110412598 
0  0.00013279914856    0.000172853469849    0.000690937042236 
0  0.000208854675293    0.000274896621704    0.000995874404907 
0  0.000163078308105    0.000205993652344    0.000714063644409 
0  0.00025200843811    0.000324010848999    0.00121307373047 
0  0.0001380443573    0.000182867050171    0.000604867935181 
0  9.98973846436e-05    0.000138998031616    0.00048303604126 
0  0.0001380443573    0.000182867050171    0.000588893890381 
0  0.00023889541626    0.00032901763916    0.000726938247681 
0  0.000237941741943    0.000288009643555    0.000706911087036 
0  0.0002760887146    0.000375032424927    0.000853061676025 
0  0.000128984451294    0.000169992446899    0.000577926635742 
0  0.000125169754028    0.000169038772583    0.000543117523193 
0  0.000205039978027    0.000268936157227    0.000984907150269 
0  0.000111103057861    0.00015115737915    0.000503063201904 
0  0.000139951705933    0.000185012817383    0.000598907470703 
0  0.000140905380249    0.000185012817383    0.00056791305542 
0  0.000234842300415    0.00028395652771    0.000715970993042 
0  0.000135898590088    0.000180006027222    0.000562906265259 
0  0.000144958496094    0.000192165374756    0.000602960586548 
0  0.000157833099365    0.000205993652344    0.000608921051025 
0  0.00012993812561    0.000171899795532    0.000563859939575 
0  0.000160932540894    0.000212907791138    0.000818014144897 
0  0.000222206115723    0.000269174575806    0.00068211555481 
0  0.000211000442505    0.000281095504761    0.00096607208252 
0  0.000140190124512    0.000216007232666    0.000668048858643 
0  0.000195026397705    0.000241041183472    0.000626087188721 
0  0.00014591217041    0.00019383430481    0.000622987747192 
0  0.000111818313599    0.000154972076416    0.000505924224854 
0  0.000124931335449    0.000165939331055    0.000592947006226 
0  0.000165939331055    0.000228881835938    0.000701904296875 
0  0.000154972076416    0.000223159790039    0.000640153884888 
0  0.000277042388916    0.000362873077393    0.000859022140503 
0  0.000139951705933    0.000188827514648    0.000622987747192 
0  0.000218868255615    0.000289916992188    0.000939846038818 
0  0.000204086303711    0.000272989273071    0.000937938690186 
0  0.000149011611938    0.000190019607544    0.000664949417114 
0  0.000125169754028    0.000200986862183    0.000645160675049 
0  0.000138998031616    0.000183820724487    0.000571966171265 
0  0.000230073928833    0.000295162200928    0.000715017318726 
0  0.000239133834839    0.000291109085083    0.00068211555481 
0  0.000137805938721    0.000182867050171    0.000586986541748 
0  0.000104904174805    0.000144004821777    0.000478029251099 
0  0.000102043151855    0.000142097473145    0.00055193901062 
0  0.000126123428345    0.000170946121216    0.000648975372314 
0  0.000137090682983    0.000180959701538    0.000598907470703 
0  0.000232934951782    0.000317811965942    0.000809907913208 
0  0.000123977661133    0.000174045562744    0.000664949417114 
0  0.00020694732666    0.000271797180176    0.000967979431152 
0  0.000247001647949    0.000314950942993    0.00132989883423 
0  0.000128030776978    0.000169992446899    0.000540018081665 
0  0.000162124633789    0.00021505355835    0.000631093978882 
0  0.000117063522339    0.000159025192261    0.000542163848877 
0  0.000178098678589    0.000224113464355    0.000606060028076 
0  0.000123977661133    0.000201940536499    0.000592947006226 
0  0.000144958496094    0.00019097328186    0.000585794448853 
0  0.000128984451294    0.000172138214111    0.000571966171265 
0  0.0001380443573    0.000181913375854    0.000604867935181 
0  0.000115156173706    0.000153064727783    0.000651121139526 
0  0.000193119049072    0.000241041183472    0.000686168670654 
0  0.000159978866577    0.000202894210815    0.000686883926392 
0  0.000118017196655    0.000159025192261    0.000590801239014 
0  0.000124931335449    0.000169038772583    0.000638961791992 
0  0.000111818313599    0.000148773193359    0.000608921051025 
0  0.000133991241455    0.000176906585693    0.000630855560303 
0  0.000138998031616    0.000184059143066    0.000591039657593 
0  0.000166893005371    0.000221967697144    0.000618934631348 
0  0.000223875045776    0.000292778015137    0.000971794128418 
0  0.000200033187866    0.000272989273071    0.0011510848999 
0  0.000233888626099    0.000312805175781    0.00106883049011 
0  0.000139951705933    0.000185012817383    0.000606060028076 
0  0.00020694732666    0.000286102294922    0.000916004180908 
0  0.0001380443573    0.000181913375854    0.000592947006226 
0  0.00018310546875    0.000272989273071    0.000746965408325 
0  0.0001220703125    0.000163078308105    0.000636100769043 
0  0.000174045562744    0.000230073928833    0.000653982162476 
0  0.000120878219604    0.000159978866577    0.000587940216064 
0  0.000134944915771    0.000179767608643    0.000595808029175 
0  0.000118017196655    0.000155925750732    0.00059986114502 
0  0.000225067138672    0.000271081924438    0.000664949417114 
0  0.000121831893921    0.000209808349609    0.000639915466309 
0  0.000100135803223    0.000141143798828    0.000478029251099 
0  0.000133991241455    0.000178098678589    0.000559091567993 
0  0.000219821929932    0.000288963317871    0.00102686882019 
0  0.00023078918457    0.000304937362671    0.0011088848114 
0  0.000128984451294    0.000171899795532    0.000568866729736 
0  0.000135898590088    0.000180006027222    0.000582933425903 
0  0.000103950500488    0.000144958496094    0.000481843948364 
0  0.000216007232666    0.000263929367065    0.000717878341675 
0  0.000188112258911    0.000244140625    0.000722169876099 
0  0.000235080718994    0.000303030014038    0.000839948654175 
0  0.000274181365967    0.000372171401978    0.00116515159607 
0  0.000136852264404    0.000180959701538    0.00058388710022 
0  9.60826873779e-05    0.0001380443573    0.000486135482788 
0  0.000231981277466    0.000288963317871    0.00108695030212 
0  0.000216007232666    0.000283002853394    0.00107002258301 
0  0.000207901000977    0.000286102294922    0.00100708007812 
0  0.000135898590088    0.000180006027222    0.00058388710022 
0  0.00012993812561    0.000186920166016    0.000643014907837 
0  0.000187873840332    0.000252962112427    0.000986814498901 
0  0.000223159790039    0.000269174575806    0.00068211555481 
0  0.000224113464355    0.000296115875244    0.000785112380981 
0  0.000261068344116    0.000334024429321    0.00118613243103 